	display_id	1	2	3	4	5	6	7	8	9	10	11	12	13	14	15	16	17	18	19	20	21	22	23	24	25	26	27	28	29	30	31	32	33	34	35	36	37	38	39	40	41	42	43	44	45	46	47	48	49	50	51
0	1	0.03441566998979106	0.03441566998979106	0.03907942930560797	0.9882895163487554	0.8505898002931425	0.08682694827348257	0.054094410058565176	1.0	0.5233950094061363	0.4811272358505413	0.5608314867293819	0.7596016173743511	0.00023126734505087883	0.00023126734505087883	0.0003469010175763182	0.9422987974098057	0.42700138824618233	0.02093937991670523	0.001156336725254394	1.0	0.01364477335800185	0.1623578076525336	0.21509824198552224	0.2122153209109731	0	0.0	0.0	0	0	0	0	0	0	0	0	0	0	0	0	0	0	0	0	0	0	0	0	0	0	0	0
1	2	0.03441566998979106	0.03441566998979106	0.03907942930560797	0.9882895163487554	0.8505898002931425	0.08682694827348257	0.054094410058565176	1.0	0.5233950094061363	0.4811272358505413	0.5608314867293819	0.7596016173743511	0.00023126734505087883	0.00023126734505087883	0.0003469010175763182	0.9422987974098057	0.42700138824618233	0.02093937991670523	0.001156336725254394	1.0	0.01364477335800185	0.1623578076525336	0.21509824198552224	0.2122153209109731	2	4324.0	0.16473385856621947	0	0	0	0	0	0	0	0	0	0	0	0	0	1	0	0	0	0	0	0	0	0	0	0
2	3	0.03441566998979106	0.03441566998979106	0.03907942930560797	0.9882895163487554	0.8505898002931425	0.08682694827348257	0.054094410058565176	1.0	0.5233950094061363	0.4811272358505413	0.5608314867293819	0.7596016173743511	0.00023126734505087883	0.00023126734505087883	0.0003469010175763182	0.9422987974098057	0.42700138824618233	0.02093937991670523	0.001156336725254394	1.0	0.01364477335800185	0.1623578076525336	0.21509824198552224	0.2122153209109731	183	47.75690607734806	0.004504289000343205	0	0	0	0	0	0	0	0	0	0	0	0	0	1	0	0	0	1	0	0	0	0	0	0
3	4	0.03441566998979106	0.03441566998979106	0.03907942930560797	0.9882895163487554	0.8505898002931425	0.08682694827348257	0.054094410058565176	1.0	0.5233950094061363	0.4811272358505413	0.5608314867293819	0.7596016173743511	0.00023126734505087883	0.00023126734505087883	0.0003469010175763182	0.9422987974098057	0.42700138824618233	0.02093937991670523	0.001156336725254394	1.0	0.01364477335800185	0.1623578076525336	0.21509824198552224	0.2122153209109731	0	0.0	0.0	0	0	0	0	0	0	0	0	0	0	0	0	0	0	0	0	0	0	0	0	0	0	0	0
4	5	0.03441566998979106	0.03441566998979106	0.03907942930560797	0.9882895163487554	0.8505898002931425	0.08682694827348257	0.054094410058565176	1.0	0.5233950094061363	0.4811272358505413	0.5608314867293819	0.7596016173743511	0.00023126734505087883	0.00023126734505087883	0.0003469010175763182	0.9422987974098057	0.42700138824618233	0.02093937991670523	0.001156336725254394	1.0	0.01364477335800185	0.1623578076525336	0.21509824198552224	0.2122153209109731	2	4324.0	0.16473385856621947	0	0	0	0	0	0	0	0	0	0	0	0	0	1	0	0	0	0	0	0	0	0	0	0
5	6	0.03441566998979106	0.03441566998979106	0.03907942930560797	0.9882895163487554	0.8505898002931425	0.08682694827348257	0.054094410058565176	1.0	0.5233950094061363	0.4811272358505413	0.5608314867293819	0.7596016173743511	0.00023126734505087883	0.00023126734505087883	0.0003469010175763182	0.9422987974098057	0.42700138824618233	0.02093937991670523	0.001156336725254394	1.0	0.01364477335800185	0.1623578076525336	0.21509824198552224	0.2122153209109731	181	47.75690607734806	0.004504289000343205	0	0	0	0	0	0	0	0	0	0	0	0	0	0	0	0	0	1	0	0	0	0	0	0
6	7	0.03441566998979106	0.03441566998979106	0.03907942930560797	0.9882895163487554	0.8505898002931425	0.08682694827348257	0.054094410058565176	1.0	0.5233950094061363	0.4811272358505413	0.5608314867293819	0.7596016173743511	0.00023126734505087883	0.00023126734505087883	0.0003469010175763182	0.9422987974098057	0.42700138824618233	0.02093937991670523	0.001156336725254394	1.0	0.01364477335800185	0.1623578076525336	0.21509824198552224	0.2122153209109731	181	47.75690607734806	0.004504289000343205	0	0	0	0	0	0	0	0	0	0	0	0	0	0	0	0	0	1	0	0	0	0	0	0
7	8	0.0	0.0	0.0	1.0000000000000002	0.0	0.8806583476274286	0.0	1.0000000000000002	0.7633976381849589	-0.0	-0.0	-0.0	0.0033783783783783786	0.0033783783783783786	0.0033783783783783786	1.0	0.0033783783783783786	0.5101351351351351	0.0033783783783783786	1.0	0.2972972972972973				151	1.9602649006622517	4.354937593403899e-07	0	0	0	0	0	0	0	0	0	0	0	0	0	0	0	0	0	1	0	0	0	0	0	0
8	10	0.1001610900518347	0.1001610900518347	0.0038868755438317263	0.9007659783591591	0.4854785599041388	0.4043665815397928	0.10498906590795455	0.9999999999999998	0.6435393692602089	0.4811272358505413	0.5608314867293819	0.7596016173743511	0.0020597322348094747	0.0020597322348094747	0.0020597322348094747	0.5612770339855818	0.14891416752843847	0.11168562564632885	0.005149330587023687	1.0	0.10710607621009269	0.1623578076525336	0.21509824198552224	0.2122153209109731	108	8.953703703703704	0.00268495702823889	0	0	0	0	0	0	0	0	0	0	0	0	0	0	0	0	0	1	0	0	0	0	0	0
9	12	0.03441566998979106	0.03441566998979106	0.03907942930560797	0.9882895163487554	0.8505898002931425	0.08682694827348257	0.054094410058565176	1.0	0.5233950094061363	0.4811272358505413	0.5608314867293819	0.7596016173743511	0.00023126734505087883	0.00023126734505087883	0.0003469010175763182	0.9422987974098057	0.42700138824618233	0.02093937991670523	0.001156336725254394	1.0	0.01364477335800185	0.1623578076525336	0.21509824198552224	0.2122153209109731	181	47.75690607734806	0.004504289000343205	0	0	0	0	0	0	0	0	0	0	0	0	0	0	0	0	0	1	0	0	0	0	0	0
10	14	0.0	0.0	0.0	0.0	0.0	0.0	0.0	0.0	0.0	0.0	0.0	0.0	0.0	0.0	0.0	0.0	0.0	0.0	0.0	0.0	0.0	0.0	0.0	0.0	0			0	0	0	0	0	0	0	0	0	0	0	0	0	0	0	0	0	1	0	0	0	0	0	0
11	15	0.0	0.0	0.0	0.9266539186132395	0.8064141291584669	0.0	0.0	1.0000000000000002	0.7401222964498118	0.0	0.8064141291584669	0.8064141291584669	0.006369426751592357	0.006369426751592357	0.006369426751592357	0.732484076433121	0.39490445859872614	0.006369426751592357	0.006369426751592357	1.0	0.31210191082802546	0.006369426751592357	0.39490445859872614	0.39490445859872614	1	157.0	0.0	0	0	0	0	0	0	0	0	0	0	0	0	0	0	0	0	0	1	0	0	0	0	0	0
12	16	0.0014134632556310517	0.0014134632556310517	0.10293616369355832	0.8673615027422452	0.0	0.7540691301820904	0.15530615493418992	1.0000000000000002	0.6847831617895511	0.8255150948630672	0.10379895010720733	0.8250522372428403	0.0024600246002460025	0.0024600246002460025	0.0024600246002460025	0.5596555965559655	0.0012300123001230013	0.22140221402214022	0.008610086100861008	1.0	0.14145141451414514	0.3522727272727273	0.006818181818181818	0.35079726651480636	0	0.0	0.0	0	0	0	0	0	0	0	0	0	0	0	0	0	0	0	0	0	0	0	0	0	0	0	0
13	17	0.03441566998979106	0.03441566998979106	0.03907942930560797	0.9882895163487554	0.8505898002931425	0.08682694827348257	0.054094410058565176	1.0	0.5233950094061363	0.4811272358505413	0.5608314867293819	0.7596016173743511	0.00023126734505087883	0.00023126734505087883	0.0003469010175763182	0.9422987974098057	0.42700138824618233	0.02093937991670523	0.001156336725254394	1.0	0.01364477335800185	0.1623578076525336	0.21509824198552224	0.2122153209109731	181	47.75690607734806	0.004504289000343205	0	0	0	0	0	0	0	0	0	0	0	0	0	0	0	0	0	1	0	0	0	0	0	0
14	18	0.03441566998979106	0.03441566998979106	0.03907942930560797	0.9882895163487554	0.8505898002931425	0.08682694827348257	0.054094410058565176	1.0	0.5233950094061363	0.4811272358505413	0.5608314867293819	0.7596016173743511	0.00023126734505087883	0.00023126734505087883	0.0003469010175763182	0.9422987974098057	0.42700138824618233	0.02093937991670523	0.001156336725254394	1.0	0.01364477335800185	0.1623578076525336	0.21509824198552224	0.2122153209109731	181	47.75690607734806	0.004504289000343205	0	0	0	0	0	0	0	0	0	0	0	0	0	0	0	0	0	1	0	0	0	0	0	0
15	25	0.3868528072345416	0.3868528072345416	0.0	0.5644754678724235	0.3868528072345416	0.3868528072345416	0.3868528072345416	0.9999999999999999	0.3868528072345416	0.3868528072345416	0.3868528072345416	0.0	0.3333333333333333	0.3333333333333333	0.16666666666666666	0.5	0.3333333333333333	0.3333333333333333	0.3333333333333333	1.0	0.3333333333333333	0.3333333333333333	0.3333333333333333	0.16666666666666666	0	0.0	0.0	0	0	0	0	0	0	0	0	0	0	0	0	0	0	0	0	0	0	0	0	0	0	0	0
16	26	0.3868528072345416	0.3868528072345416	0.0	0.5644754678724235	0.3868528072345416	0.3868528072345416	0.3868528072345416	0.9999999999999999	0.3868528072345416	0.3868528072345416	0.3868528072345416	0.0	0.3333333333333333	0.3333333333333333	0.16666666666666666	0.5	0.3333333333333333	0.3333333333333333	0.3333333333333333	1.0	0.3333333333333333	0.3333333333333333	0.3333333333333333	0.16666666666666666	0	0.0	0.0	0	0	0	0	0	0	0	0	0	0	0	0	0	0	0	0	0	0	0	0	0	0	0	0
17	55	0.03441566998979106	0.03441566998979106	0.03907942930560797	0.9882895163487554	0.8505898002931425	0.08682694827348257	0.054094410058565176	1.0	0.5233950094061363	0.4811272358505413	0.5608314867293819	0.7596016173743511	0.00023126734505087883	0.00023126734505087883	0.0003469010175763182	0.9422987974098057	0.42700138824618233	0.02093937991670523	0.001156336725254394	1.0	0.01364477335800185	0.1623578076525336	0.21509824198552224	0.2122153209109731	0	0.0	0.0	0	0	0	0	0	0	0	0	0	0	0	0	0	0	0	0	0	0	0	0	0	0	0	0
18	56	0.03441566998979106	0.03441566998979106	0.03907942930560797	0.9882895163487554	0.8505898002931425	0.08682694827348257	0.054094410058565176	1.0	0.5233950094061363	0.4811272358505413	0.5608314867293819	0.7596016173743511	0.00023126734505087883	0.00023126734505087883	0.0003469010175763182	0.9422987974098057	0.42700138824618233	0.02093937991670523	0.001156336725254394	1.0	0.01364477335800185	0.1623578076525336	0.21509824198552224	0.2122153209109731	2	4324.0	0.16473385856621947	0	0	0	0	0	0	0	0	0	0	0	0	0	1	0	0	0	0	0	0	0	0	0	0
19	57	0.03441566998979106	0.03441566998979106	0.03907942930560797	0.9882895163487554	0.8505898002931425	0.08682694827348257	0.054094410058565176	1.0	0.5233950094061363	0.4811272358505413	0.5608314867293819	0.7596016173743511	0.00023126734505087883	0.00023126734505087883	0.0003469010175763182	0.9422987974098057	0.42700138824618233	0.02093937991670523	0.001156336725254394	1.0	0.01364477335800185	0.1623578076525336	0.21509824198552224	0.2122153209109731	183	47.75690607734806	0.004504289000343205	0	0	0	0	0	0	0	0	0	0	0	0	0	1	0	0	0	1	0	0	0	0	0	0
20	58	0.03441566998979106	0.03441566998979106	0.03907942930560797	0.9882895163487554	0.8505898002931425	0.08682694827348257	0.054094410058565176	1.0	0.5233950094061363	0.4811272358505413	0.5608314867293819	0.7596016173743511	0.00023126734505087883	0.00023126734505087883	0.0003469010175763182	0.9422987974098057	0.42700138824618233	0.02093937991670523	0.001156336725254394	1.0	0.01364477335800185	0.1623578076525336	0.21509824198552224	0.2122153209109731	290	30.01388888888889	0.002480116545577138	0	0	0	0	0	0	0	0	0	0	0	0	0	1	1	0	0	1	0	0	0	0	0	0
21	59	0.03441566998979106	0.03441566998979106	0.03907942930560797	0.9882895163487554	0.8505898002931425	0.08682694827348257	0.054094410058565176	1.0	0.5233950094061363	0.4811272358505413	0.5608314867293819	0.7596016173743511	0.00023126734505087883	0.00023126734505087883	0.0003469010175763182	0.9422987974098057	0.42700138824618233	0.02093937991670523	0.001156336725254394	1.0	0.01364477335800185	0.1623578076525336	0.21509824198552224	0.2122153209109731	7838	6.159235668789809	0.0010685928516663648	0	0	0	0	0	0	0	0	0	0	0	0	0	1	1	0	0	1	0	0	0	1	0	0
22	60	0.03441566998979106	0.03441566998979106	0.03907942930560797	0.9882895163487554	0.8505898002931425	0.08682694827348257	0.054094410058565176	1.0	0.5233950094061363	0.4811272358505413	0.5608314867293819	0.7596016173743511	0.00023126734505087883	0.00023126734505087883	0.0003469010175763182	0.9422987974098057	0.42700138824618233	0.02093937991670523	0.001156336725254394	1.0	0.01364477335800185	0.1623578076525336	0.21509824198552224	0.2122153209109731	3872	2.23359173126615	1.499104462457747e-08	0	0	0	0	0	0	0	0	0	0	0	0	0	1	0	0	1	1	0	0	0	0	0	0
23	62	0.0	0.0	0.2704260414863776	0.8333333333333334	0.0	0.0	0.2704260414863776	1.0	0.6352130207431889	0.3868528072345416	0.3868528072345416	0.3868528072345416	0.125	0.125	0.25	0.75	0.125	0.125	0.25	1.0	0.5	0.3333333333333333	0.3333333333333333	0.3333333333333333	1	8.0	0.0	0	0	0	0	0	0	0	0	0	0	0	0	0	1	0	0	0	1	0	0	0	0	0	0
24	63	0.3868528072345416	0.3868528072345416	0.0	0.5644754678724235	0.3868528072345416	0.3868528072345416	0.3868528072345416	0.9999999999999999	0.355245321275764	0.3868528072345416	0.3868528072345416	0.0	0.3333333333333333	0.3333333333333333	0.16666666666666666	0.5	0.3333333333333333	0.3333333333333333	0.3333333333333333	1.0	0.3333333333333333	0.3333333333333333	0.3333333333333333	0.16666666666666666	0	0.0	0.0	0	0	0	0	0	0	0	0	0	0	0	0	0	0	0	0	0	0	0	0	0	0	0	0
25	64	0.0	0.0	0.2704260414863776	0.8333333333333334	0.0	0.0	0.2704260414863776	1.0	0.6352130207431889	0.3868528072345416	0.3868528072345416	0.3868528072345416	0.125	0.125	0.25	0.75	0.125	0.125	0.25	1.0	0.5	0.3333333333333333	0.3333333333333333	0.3333333333333333	0	0.0	0.0	0	0	0	0	0	0	0	0	0	0	0	0	0	0	0	0	0	0	0	0	0	0	0	0
26	91	0.11719457793754988	0.11719457793754988	0.17832303691903587	0.614791122159637	0.11731081881026093	0.12027350080880579	0.3673535700662918	0.9993192982471565	0.4655851546461917	0.24959835727489257	0.25044151472736087	0.13574850065631686	0.005747126436781609	0.005747126436781609	0.017241379310344827	0.5517241379310345	0.005747126436781609	0.008620689655172414	0.1206896551724138	0.9971264367816092	0.05172413793103448	0.02586206896551724	0.028735632183908046	0.01440922190201729	0	0.0	0.0	0	0	0	0	0	0	0	0	0	0	0	0	0	0	0	0	0	0	0	0	0	0	0	0
27	92	0.11719457793754988	0.11719457793754988	0.17832303691903587	0.614791122159637	0.11731081881026093	0.12027350080880579	0.3673535700662918	0.9993192982471565	0.4655851546461917	0.24959835727489257	0.25044151472736087	0.13574850065631686	0.005747126436781609	0.005747126436781609	0.017241379310344827	0.5517241379310345	0.005747126436781609	0.008620689655172414	0.1206896551724138	0.9971264367816092	0.05172413793103448	0.02586206896551724	0.028735632183908046	0.01440922190201729	3	116.0	0.05691526841943013	0	0	0	0	0	0	0	0	0	0	0	0	0	0	0	0	0	1	0	0	0	0	0	0
28	93	0.11719457793754988	0.11719457793754988	0.17832303691903587	0.614791122159637	0.11731081881026093	0.12027350080880579	0.3673535700662918	0.9993192982471565	0.4655851546461917	0.24959835727489257	0.25044151472736087	0.13574850065631686	0.005747126436781609	0.005747126436781609	0.017241379310344827	0.5517241379310345	0.005747126436781609	0.008620689655172414	0.1206896551724138	0.9971264367816092	0.05172413793103448	0.02586206896551724	0.028735632183908046	0.01440922190201729	3	116.0	0.05691526841943013	0	0	0	0	0	0	0	0	0	0	0	0	0	0	0	0	1	1	0	0	0	0	0	0
29	94	0.11719457793754988	0.11719457793754988	0.17832303691903587	0.614791122159637	0.11731081881026093	0.12027350080880579	0.3673535700662918	0.9993192982471565	0.4655851546461917	0.24959835727489257	0.25044151472736087	0.13574850065631686	0.005747126436781609	0.005747126436781609	0.017241379310344827	0.5517241379310345	0.005747126436781609	0.008620689655172414	0.1206896551724138	0.9971264367816092	0.05172413793103448	0.02586206896551724	0.028735632183908046	0.01440922190201729	6	58.0	0.04077762364028714	0	0	0	0	0	0	0	0	0	0	0	0	0	0	1	0	0	0	0	0	0	0	0	0
30	95	0.11719457793754988	0.11719457793754988	0.17832303691903587	0.614791122159637	0.11731081881026093	0.12027350080880579	0.3673535700662918	0.9993192982471565	0.4655851546461917	0.24959835727489257	0.25044151472736087	0.13574850065631686	0.005747126436781609	0.005747126436781609	0.017241379310344827	0.5517241379310345	0.005747126436781609	0.008620689655172414	0.1206896551724138	0.9971264367816092	0.05172413793103448	0.02586206896551724	0.028735632183908046	0.01440922190201729	5	69.4	0.08509197817438896	0	0	0	0	0	0	0	0	0	0	0	0	0	0	0	0	0	0	0	0	0	0	0	1
31	96	0.05532438013958991	0.05532438013958991	0.12440438934524127	0.2109229461532325	0.05532438013958991	0.05532438013958991	0.3941362388468911	1.0	0.508080607093422	0.1469153240384949	0.1469153240384949	0.12325335897473695	0.010582010582010581	0.010582010582010581	0.026455026455026454	0.18518518518518517	0.010582010582010581	0.010582010582010581	0.19047619047619047	1.0	0.08994708994708994	0.037037037037037035	0.037037037037037035	0.021164021164021163	4	47.25	0.10891877327062513	0	0	0	0	0	0	0	0	0	0	0	0	0	0	0	0	0	0	0	0	0	0	0	1
32	101	0.03441566998979106	0.03441566998979106	0.03907942930560797	0.9882895163487554	0.8505898002931425	0.08682694827348257	0.054094410058565176	1.0	0.5233950094061363	0.4811272358505413	0.5608314867293819	0.7596016173743511	0.00023126734505087883	0.00023126734505087883	0.0003469010175763182	0.9422987974098057	0.42700138824618233	0.02093937991670523	0.001156336725254394	1.0	0.01364477335800185	0.1623578076525336	0.21509824198552224	0.2122153209109731	0	0.0	0.0	0	0	0	0	0	0	0	0	0	0	0	0	0	0	0	0	0	0	0	0	0	0	0	0
33	103	0.03441566998979106	0.03441566998979106	0.03907942930560797	0.9882895163487554	0.8505898002931425	0.08682694827348257	0.054094410058565176	1.0	0.5233950094061363	0.4811272358505413	0.5608314867293819	0.7596016173743511	0.00023126734505087883	0.00023126734505087883	0.0003469010175763182	0.9422987974098057	0.42700138824618233	0.02093937991670523	0.001156336725254394	1.0	0.01364477335800185	0.1623578076525336	0.21509824198552224	0.2122153209109731	3	2882.6666666666665	0.15573878839491948	0	0	0	0	0	0	0	0	0	0	0	0	0	0	1	0	0	0	0	0	0	0	0	0
34	105	0.03441566998979106	0.03441566998979106	0.03907942930560797	0.9882895163487554	0.8505898002931425	0.08682694827348257	0.054094410058565176	1.0	0.5233950094061363	0.4811272358505413	0.5608314867293819	0.7596016173743511	0.00023126734505087883	0.00023126734505087883	0.0003469010175763182	0.9422987974098057	0.42700138824618233	0.02093937991670523	0.001156336725254394	1.0	0.01364477335800185	0.1623578076525336	0.21509824198552224	0.2122153209109731	289	30.01388888888889	0.002480116545577138	0	0	0	0	0	0	0	0	0	0	0	0	0	0	1	0	0	1	0	0	0	0	0	0
35	106	0.03441566998979106	0.03441566998979106	0.03907942930560797	0.9882895163487554	0.8505898002931425	0.08682694827348257	0.054094410058565176	1.0	0.5233950094061363	0.4811272358505413	0.5608314867293819	0.7596016173743511	0.00023126734505087883	0.00023126734505087883	0.0003469010175763182	0.9422987974098057	0.42700138824618233	0.02093937991670523	0.001156336725254394	1.0	0.01364477335800185	0.1623578076525336	0.21509824198552224	0.2122153209109731	4120	2.098567613498422	5.335154053001439e-09	0	0	0	0	0	0	0	0	0	0	0	0	0	0	1	0	1	1	0	0	0	0	0	0
36	107	0.03441566998979106	0.03441566998979106	0.03907942930560797	0.9882895163487554	0.8505898002931425	0.08682694827348257	0.054094410058565176	1.0	0.5233950094061363	0.4811272358505413	0.5608314867293819	0.7596016173743511	0.00023126734505087883	0.00023126734505087883	0.0003469010175763182	0.9422987974098057	0.42700138824618233	0.02093937991670523	0.001156336725254394	1.0	0.01364477335800185	0.1623578076525336	0.21509824198552224	0.2122153209109731	4120	2.098567613498422	5.335154053001439e-09	0	0	0	0	0	0	0	0	0	0	0	0	0	0	1	0	1	1	0	0	0	0	0	0
37	108	0.03441566998979106	0.03441566998979106	0.03907942930560797	0.9882895163487554	0.8505898002931425	0.08682694827348257	0.054094410058565176	1.0	0.5233950094061363	0.4811272358505413	0.5608314867293819	0.7596016173743511	0.00023126734505087883	0.00023126734505087883	0.0003469010175763182	0.9422987974098057	0.42700138824618233	0.02093937991670523	0.001156336725254394	1.0	0.01364477335800185	0.1623578076525336	0.21509824198552224	0.2122153209109731	4120	2.098567613498422	5.335154053001439e-09	0	0	0	0	0	0	0	0	0	0	0	0	0	0	1	0	1	1	0	0	0	0	0	0
38	112	0.03441566998979106	0.03441566998979106	0.03907942930560797	0.9882895163487554	0.8505898002931425	0.08682694827348257	0.054094410058565176	1.0	0.5233950094061363	0.4811272358505413	0.5608314867293819	0.7596016173743511	0.00023126734505087883	0.00023126734505087883	0.0003469010175763182	0.9422987974098057	0.42700138824618233	0.02093937991670523	0.001156336725254394	1.0	0.01364477335800185	0.1623578076525336	0.21509824198552224	0.2122153209109731	4120	2.098567613498422	5.335154053001439e-09	0	0	0	0	0	0	0	0	0	0	0	0	0	0	1	0	1	1	0	0	0	0	0	0
39	109	0.11719457793754988	0.11719457793754988	0.17832303691903587	0.614791122159637	0.11731081881026093	0.12027350080880579	0.3673535700662918	0.9993192982471565	0.4655851546461917	0.24959835727489257	0.25044151472736087	0.13574850065631686	0.005747126436781609	0.005747126436781609	0.017241379310344827	0.5517241379310345	0.005747126436781609	0.008620689655172414	0.1206896551724138	0.9971264367816092	0.05172413793103448	0.02586206896551724	0.028735632183908046	0.01440922190201729	0	0.0	0.0	0	0	0	0	0	0	0	0	0	0	0	0	0	0	0	0	0	0	0	0	0	0	0	0
40	110	0.11719457793754988	0.11719457793754988	0.17832303691903587	0.614791122159637	0.11731081881026093	0.12027350080880579	0.3673535700662918	0.9993192982471565	0.4655851546461917	0.24959835727489257	0.25044151472736087	0.13574850065631686	0.005747126436781609	0.005747126436781609	0.017241379310344827	0.5517241379310345	0.005747126436781609	0.008620689655172414	0.1206896551724138	0.9971264367816092	0.05172413793103448	0.02586206896551724	0.028735632183908046	0.01440922190201729	3	116.0	0.05691526841943013	0	0	0	0	0	0	0	0	0	0	0	0	0	0	0	0	0	1	0	0	0	0	0	0
41	111	0.11719457793754988	0.11719457793754988	0.17832303691903587	0.614791122159637	0.11731081881026093	0.12027350080880579	0.3673535700662918	0.9993192982471565	0.4655851546461917	0.24959835727489257	0.25044151472736087	0.13574850065631686	0.005747126436781609	0.005747126436781609	0.017241379310344827	0.5517241379310345	0.005747126436781609	0.008620689655172414	0.1206896551724138	0.9971264367816092	0.05172413793103448	0.02586206896551724	0.028735632183908046	0.01440922190201729	12	29.0	0.022983000836746374	0	0	0	0	0	0	0	0	0	0	0	0	0	0	1	0	0	1	0	0	0	0	0	0
42	114	0.11719457793754988	0.11719457793754988	0.17832303691903587	0.614791122159637	0.11731081881026093	0.12027350080880579	0.3673535700662918	0.9993192982471565	0.4655851546461917	0.24959835727489257	0.25044151472736087	0.13574850065631686	0.005747126436781609	0.005747126436781609	0.017241379310344827	0.5517241379310345	0.005747126436781609	0.008620689655172414	0.1206896551724138	0.9971264367816092	0.05172413793103448	0.02586206896551724	0.028735632183908046	0.01440922190201729	5	69.4	0.08509197817438896	0	0	0	0	0	0	0	0	0	0	0	0	0	0	0	0	0	0	0	0	0	0	0	1
43	117	0.11719457793754988	0.11719457793754988	0.17832303691903587	0.614791122159637	0.11731081881026093	0.12027350080880579	0.3673535700662918	0.9993192982471565	0.4655851546461917	0.24959835727489257	0.25044151472736087	0.13574850065631686	0.005747126436781609	0.005747126436781609	0.017241379310344827	0.5517241379310345	0.005747126436781609	0.008620689655172414	0.1206896551724138	0.9971264367816092	0.05172413793103448	0.02586206896551724	0.028735632183908046	0.01440922190201729	5	69.4	0.08509197817438896	0	0	0	0	0	0	0	0	0	0	0	0	0	0	0	0	0	0	0	0	0	0	0	1
44	119	0.05532438013958991	0.05532438013958991	0.12440438934524127	0.2109229461532325	0.05532438013958991	0.05532438013958991	0.3941362388468911	1.0	0.508080607093422	0.1469153240384949	0.1469153240384949	0.12325335897473695	0.010582010582010581	0.010582010582010581	0.026455026455026454	0.18518518518518517	0.010582010582010581	0.010582010582010581	0.19047619047619047	1.0	0.08994708994708994	0.037037037037037035	0.037037037037037035	0.021164021164021163	4	47.25	0.10891877327062513	0	0	0	0	0	0	0	0	0	0	0	0	0	0	0	0	0	0	0	0	0	0	0	1
45	132	0.03441566998979106	0.03441566998979106	0.03907942930560797	0.9882895163487554	0.8505898002931425	0.08682694827348257	0.054094410058565176	1.0	0.5233950094061363	0.4811272358505413	0.5608314867293819	0.7596016173743511	0.00023126734505087883	0.00023126734505087883	0.0003469010175763182	0.9422987974098057	0.42700138824618233	0.02093937991670523	0.001156336725254394	1.0	0.01364477335800185	0.1623578076525336	0.21509824198552224	0.2122153209109731	0	0.0	0.0	0	0	0	0	0	0	0	0	0	0	0	0	0	0	0	0	0	0	0	0	0	0	0	0
46	133	0.03441566998979106	0.03441566998979106	0.03907942930560797	0.9882895163487554	0.8505898002931425	0.08682694827348257	0.054094410058565176	1.0	0.5233950094061363	0.4811272358505413	0.5608314867293819	0.7596016173743511	0.00023126734505087883	0.00023126734505087883	0.0003469010175763182	0.9422987974098057	0.42700138824618233	0.02093937991670523	0.001156336725254394	1.0	0.01364477335800185	0.1623578076525336	0.21509824198552224	0.2122153209109731	3	2882.6666666666665	0.15573878839491948	0	0	0	0	0	0	0	0	0	0	0	0	0	0	1	0	0	0	0	0	0	0	0	0
47	134	0.03441566998979106	0.03441566998979106	0.03907942930560797	0.9882895163487554	0.8505898002931425	0.08682694827348257	0.054094410058565176	1.0	0.5233950094061363	0.4811272358505413	0.5608314867293819	0.7596016173743511	0.00023126734505087883	0.00023126734505087883	0.0003469010175763182	0.9422987974098057	0.42700138824618233	0.02093937991670523	0.001156336725254394	1.0	0.01364477335800185	0.1623578076525336	0.21509824198552224	0.2122153209109731	2	4324.0	0.16473385856621947	0	0	0	0	0	0	0	0	0	0	0	0	0	1	0	0	0	0	0	0	0	0	0	0
48	135	0.03441566998979106	0.03441566998979106	0.03907942930560797	0.9882895163487554	0.8505898002931425	0.08682694827348257	0.054094410058565176	1.0	0.5233950094061363	0.4811272358505413	0.5608314867293819	0.7596016173743511	0.00023126734505087883	0.00023126734505087883	0.0003469010175763182	0.9422987974098057	0.42700138824618233	0.02093937991670523	0.001156336725254394	1.0	0.01364477335800185	0.1623578076525336	0.21509824198552224	0.2122153209109731	183	47.75690607734806	0.004504289000343205	0	0	0	0	0	0	0	0	0	0	0	0	0	1	0	0	0	1	0	0	0	0	0	0
49	137	0.0	0.0	0.0	0.0	0.0	0.0	0.0	0.0	0.0	0.0	0.0	0.0	0.0	0.0	0.0	0.0	0.0	0.0	0.0	0.0	0.0	0.0	0.0	0.0	0	0.0	0.0	0	0	0	0	0	0	0	0	0	0	0	0	0	0	0	0	0	0	0	0	0	0	0	0
50	138	0.0	0.0	0.0	0.0	0.0	0.0	0.0	0.0	0.0	0.0	0.0	0.0	0.0	0.0	0.0	0.0	0.0	0.0	0.0	0.0	0.0	0.0	0.0	0.0	0			0	0	0	0	0	0	0	0	0	0	0	0	0	0	0	0	0	1	0	0	0	0	0	0
51	139	0.03441566998979106	0.03441566998979106	0.03907942930560797	0.9882895163487554	0.8505898002931425	0.08682694827348257	0.054094410058565176	1.0	0.5233950094061363	0.4811272358505413	0.5608314867293819	0.7596016173743511	0.00023126734505087883	0.00023126734505087883	0.0003469010175763182	0.9422987974098057	0.42700138824618233	0.02093937991670523	0.001156336725254394	1.0	0.01364477335800185	0.1623578076525336	0.21509824198552224	0.2122153209109731	3	2882.6666666666665	0.15573878839491948	0	0	0	0	0	0	0	0	0	0	0	0	0	0	1	0	0	0	0	0	0	0	0	0
52	140	0.1001610900518347	0.1001610900518347	0.0038868755438317263	0.9007659783591591	0.4854785599041388	0.4043665815397928	0.10498906590795455	0.9999999999999998	0.6435393692602089	0.4811272358505413	0.5608314867293819	0.7596016173743511	0.0020597322348094747	0.0020597322348094747	0.0020597322348094747	0.5612770339855818	0.14891416752843847	0.11168562564632885	0.005149330587023687	1.0	0.10710607621009269	0.1623578076525336	0.21509824198552224	0.2122153209109731	0	0.0	0.0	0	0	0	0	0	0	0	0	0	0	0	0	0	0	0	0	0	0	0	0	0	0	0	0
53	141	0.1001610900518347	0.1001610900518347	0.0038868755438317263	0.9007659783591591	0.4854785599041388	0.4043665815397928	0.10498906590795455	0.9999999999999998	0.6435393692602089	0.4811272358505413	0.5608314867293819	0.7596016173743511	0.0020597322348094747	0.0020597322348094747	0.0020597322348094747	0.5612770339855818	0.14891416752843847	0.11168562564632885	0.005149330587023687	1.0	0.10710607621009269	0.1623578076525336	0.21509824198552224	0.2122153209109731	157	6.159235668789809	0.0010685928516663648	0	0	0	0	0	0	0	0	0	0	0	0	0	0	0	0	0	0	0	0	0	1	0	0
54	142	0.0039495374600747955	0.0039495374600747955	0.007064670731151152	0.9413344983050964	0.7753361128048342	0.0	0.007896805506965391	1.0000000000000002	0.7085337898965902	0.09718619292102605	0.8428254912453857	0.8428254912453857	0.003766478342749529	0.003766478342749529	0.003766478342749529	0.7344632768361582	0.2713472485768501	0.0018975332068311196	0.005649717514124294	1.0	0.19397363465160075	0.003795066413662239	0.3889943074003795	0.3889943074003795	2	263.5	0.04083927137605363	0	0	0	0	0	0	0	0	0	0	0	0	0	0	0	0	0	0	0	0	0	1	0	0
55	143	0.0039495374600747955	0.0039495374600747955	0.007064670731151152	0.9413344983050964	0.7753361128048342	0.0	0.007896805506965391	1.0000000000000002	0.7085337898965902	0.09718619292102605	0.8428254912453857	0.8428254912453857	0.003766478342749529	0.003766478342749529	0.003766478342749529	0.7344632768361582	0.2713472485768501	0.0018975332068311196	0.005649717514124294	1.0	0.19397363465160075	0.003795066413662239	0.3889943074003795	0.3889943074003795	209	2.5707317073170732	1.6549628303903243e-06	0	0	0	0	0	0	0	0	0	0	0	0	0	0	0	0	1	0	0	0	0	1	0	0
56	241	0.03441566998979106	0.03441566998979106	0.03907942930560797	0.9882895163487554	0.8505898002931425	0.08682694827348257	0.054094410058565176	1.0	0.5233950094061363	0.4811272358505413	0.5608314867293819	0.7596016173743511	0.00023126734505087883	0.00023126734505087883	0.0003469010175763182	0.9422987974098057	0.42700138824618233	0.02093937991670523	0.001156336725254394	1.0	0.01364477335800185	0.1623578076525336	0.21509824198552224	0.2122153209109731	0	0.0	0.0	0	0	0	0	0	0	0	0	0	0	0	0	0	0	0	0	0	0	0	0	0	0	0	0
57	242	0.021722888398227846	0.021722888398227846	0.0	0.9962830794280566	0.8948894416995267	0.049743011093255116	0.00730725731928505	1.0	0.5307023657857721	-0.0	-0.0	-0.0	0.0002605184316790413	0.0002605184316790413	0.00013025921583952066	0.990491077243715	0.4807867656636707	0.023446658851113716	0.0006512960791976032	1.0	0.015240328253223915				0	0.0	0.0	0	0	0	0	0	0	0	0	0	0	0	0	0	0	0	0	0	0	0	0	0	0	0	0
58	243	0.021722888398227846	0.021722888398227846	0.0	0.9962830794280566	0.8948894416995267	0.049743011093255116	0.00730725731928505	1.0	0.5307023657857721	-0.0	-0.0	-0.0	0.0002605184316790413	0.0002605184316790413	0.00013025921583952066	0.990491077243715	0.4807867656636707	0.023446658851113716	0.0006512960791976032	1.0	0.015240328253223915				0	0.0	0.0	0	0	0	0	0	0	0	0	0	0	0	0	0	0	0	0	0	0	0	0	0	0	0	0
59	244	0.0	0.0	0.0	0.9999999999999998	0.922895556914439	0.0	0.0001523001279810763	0.9999999999999998	0.5337861749142184	-0.0	-0.0	-0.0	0.00013691128148959474	0.00013691128148959474	0.00013691128148959474	1.0	0.5052026286966046	0.00013691128148959474	0.0002738225629791895	1.0	0.016018619934282583				0	0.0	0.0	0	0	0	0	0	0	0	0	0	0	0	0	0	0	0	0	0	0	0	0	0	0	0	0
60	245	0.0	0.0	0.2704260414863776	0.8333333333333334	0.0	0.0	0.2704260414863776	1.0	0.5833333333333334	0.3868528072345416	0.3868528072345416	0.3868528072345416	0.125	0.125	0.25	0.75	0.125	0.125	0.25	1.0	0.5	0.3333333333333333	0.3333333333333333	0.3333333333333333	0	0.0	0.0	0	0	0	0	0	0	0	0	0	0	0	0	0	0	0	0	0	0	0	0	0	0	0	0
61	247	0.0	0.0	0.0	0.9416573636926436	0.7753361128048342	0.0	0.0	0.9999999999999999	0.7093359510799099	0.09718619292102605	0.8428254912453857	0.8428254912453857	0.0018975332068311196	0.0018975332068311196	0.0018975332068311196	0.7362428842504743	0.2713472485768501	0.0018975332068311196	0.0018975332068311196	1.0	0.1954459203036053	0.003795066413662239	0.3889943074003795	0.3889943074003795	0	0.0	0.0	0	0	0	0	0	0	0	0	0	0	0	0	0	0	0	0	0	0	0	0	0	0	0	0
62	248	0.0	0.0	0.0	0.9416573636926436	0.7753361128048342	0.0	0.0	0.9999999999999999	0.7093359510799099	0.09718619292102605	0.8428254912453857	0.8428254912453857	0.0018975332068311196	0.0018975332068311196	0.0018975332068311196	0.7362428842504743	0.2713472485768501	0.0018975332068311196	0.0018975332068311196	1.0	0.1954459203036053	0.003795066413662239	0.3889943074003795	0.3889943074003795	2	263.5	0.04083927137605363	0	0	0	0	0	0	0	0	0	0	0	0	0	0	0	0	0	0	0	0	0	1	0	0
63	249	0.0	0.0	0.0	0.9416573636926436	0.7753361128048342	0.0	0.0	0.9999999999999999	0.7093359510799099	0.09718619292102605	0.8428254912453857	0.8428254912453857	0.0018975332068311196	0.0018975332068311196	0.0018975332068311196	0.7362428842504743	0.2713472485768501	0.0018975332068311196	0.0018975332068311196	1.0	0.1954459203036053	0.003795066413662239	0.3889943074003795	0.3889943074003795	2	263.5	0.04083927137605363	0	0	0	0	0	0	0	0	0	0	0	0	0	0	0	0	0	0	0	0	0	1	0	0
64	250	0.0	0.0	0.0	0.9416573636926436	0.7753361128048342	0.0	0.0	0.9999999999999999	0.7093359510799099	0.09718619292102605	0.8428254912453857	0.8428254912453857	0.0018975332068311196	0.0018975332068311196	0.0018975332068311196	0.7362428842504743	0.2713472485768501	0.0018975332068311196	0.0018975332068311196	1.0	0.1954459203036053	0.003795066413662239	0.3889943074003795	0.3889943074003795	0	0.0	0.0	0	0	0	0	0	0	0	0	0	0	0	0	0	0	0	0	0	0	0	0	0	0	0	0
65	251	0.0	0.0	0.0	0.0	0.0	0.0	0.0	0.0	0.0	0.0	0.0	0.0	0.0	0.0	0.0	0.0	0.0	0.0	0.0	0.0	0.0	0.0	0.0	0.0	0	0.0	0.0	0	0	0	0	0	0	0	0	0	0	0	0	0	0	0	0	0	0	0	0	0	0	0	0
66	252	0.10024380026055346	0.10024380026055346	0.0	0.9005950128102872	0.4859355928933598	0.40366022647580285	0.10009834711490542	1.0000000000000002	0.643297222398364	0.4805119103950438	0.560310681660896	0.7596016173743511	0.002070393374741201	0.002070393374741201	0.0010351966873706005	0.5610766045548654	0.14906832298136646	0.11076604554865424	0.002070393374741201	1.0	0.10662525879917184	0.16149068322981366	0.21428571428571427	0.2122153209109731	0	0.0	0.0	0	0	0	0	0	0	0	0	0	0	0	0	0	0	0	0	0	0	0	0	0	0	0	0
67	253	0.10024380026055346	0.10024380026055346	0.0	0.9005950128102872	0.4859355928933598	0.40366022647580285	0.10009834711490542	1.0000000000000002	0.643297222398364	0.4805119103950438	0.560310681660896	0.7596016173743511	0.002070393374741201	0.002070393374741201	0.0010351966873706005	0.5610766045548654	0.14906832298136646	0.11076604554865424	0.002070393374741201	1.0	0.10662525879917184	0.16149068322981366	0.21428571428571427	0.2122153209109731	156	6.1923076923076925	0.0010774865271738834	0	0	0	0	0	0	0	0	0	0	0	0	0	0	0	0	0	0	0	0	0	1	0	0
68	255	0.0	0.0	0.0	0.9416573636926436	0.7753361128048342	0.0	0.0	0.9999999999999999	0.7093359510799099	0.09718619292102605	0.8428254912453857	0.8428254912453857	0.0018975332068311196	0.0018975332068311196	0.0018975332068311196	0.7362428842504743	0.2713472485768501	0.0018975332068311196	0.0018975332068311196	1.0	0.1954459203036053	0.003795066413662239	0.3889943074003795	0.3889943074003795	2	263.5	0.04083927137605363	0	0	0	0	0	0	0	0	0	0	0	0	0	0	0	0	0	0	0	0	0	1	0	0
69	356	0.03441566998979106	0.03441566998979106	0.03907942930560797	0.9882895163487554	0.8505898002931425	0.08682694827348257	0.054094410058565176	1.0	0.5233950094061363	0.4811272358505413	0.5608314867293819	0.7596016173743511	0.00023126734505087883	0.00023126734505087883	0.0003469010175763182	0.9422987974098057	0.42700138824618233	0.02093937991670523	0.001156336725254394	1.0	0.01364477335800185	0.1623578076525336	0.21509824198552224	0.2122153209109731	0	0.0	0.0	0	0	0	0	0	0	0	0	0	0	0	0	0	0	0	0	0	0	0	0	0	0	0	0
70	357	0.1001610900518347	0.1001610900518347	0.0038868755438317263	0.9007659783591591	0.4854785599041388	0.4043665815397928	0.10498906590795455	0.9999999999999998	0.6435393692602089	0.4811272358505413	0.5608314867293819	0.7596016173743511	0.0020597322348094747	0.0020597322348094747	0.0020597322348094747	0.5612770339855818	0.14891416752843847	0.11168562564632885	0.005149330587023687	1.0	0.10710607621009269	0.1623578076525336	0.21509824198552224	0.2122153209109731	0	0.0	0.0	0	0	0	0	0	0	0	0	0	0	0	0	0	0	0	0	0	0	0	0	0	0	0	0
71	361	0.0	0.0	0.0	0.0	0.0	0.0	0.0	0.0	0.0	0.0	0.0	0.0	0.0	0.0	0.0	0.0	0.0	0.0	0.0	0.0	0.0	0.0	0.0	0.0	0	0.0	0.0	0	0	0	0	0	0	0	0	0	0	0	0	0	0	0	0	0	0	0	0	0	0	0	0
72	362	0.0014134632556310517	0.0014134632556310517	0.10293616369355832	0.8673615027422452	0.0	0.7540691301820904	0.15530615493418992	1.0000000000000002	0.6847831617895511	0.8255150948630672	0.10379895010720733	0.8250522372428403	0.0024600246002460025	0.0024600246002460025	0.0024600246002460025	0.5596555965559655	0.0012300123001230013	0.22140221402214022	0.008610086100861008	1.0	0.14145141451414514	0.3522727272727273	0.006818181818181818	0.35079726651480636	0	0.0	0.0	0	0	0	0	0	0	0	0	0	0	0	0	0	0	0	0	0	0	0	0	0	0	0	0
73	363	0.0	0.0	0.0	0.8844269359006764	0.0	0.8712511805465052	0.11357713051536708	1.0000000000000002	0.7516788309253153	-0.0	-0.0	-0.0	0.002680965147453083	0.002680965147453083	0.002680965147453083	0.8042895442359249	0.002680965147453083	0.47989276139410186	0.010723860589812333	1.0	0.26005361930294907				0	0.0	0.0	0	0	0	0	0	0	0	0	0	0	0	0	0	0	0	0	0	0	0	0	0	0	0	0
74	364	0.0	0.0	0.0	0.0	0.0	0.0	0.0	0.0	0.0	0.0	0.0	0.0	0.0	0.0	0.0	0.0	0.0	0.0	0.0	0.0	0.0	0.0	0.0	0.0	0	0.0	0.0	0	0	0	0	0	0	0	0	0	0	0	0	0	0	0	0	0	0	0	0	0	0	0	0
75	365	0.0	0.0	0.0	0.0	0.0	0.0	0.0	0.0	0.0	0.0	0.0	0.0	0.0	0.0	0.0	0.0	0.0	0.0	0.0	0.0	0.0	0.0	0.0	0.0	0			0	0	0	0	0	0	0	0	0	0	0	0	0	0	0	0	0	1	0	0	0	0	0	0
76	366	0.0026456904217143002	0.0026456904217143002	0.0	0.8255150948630672	0.0	0.7548451311246946	0.012856623217214399	1.0	0.7167417565329589	0.8255150948630672	0.10379895010720733	0.8250522372428403	0.004545454545454545	0.004545454545454545	0.0022727272727272726	0.3522727272727273	0.0022727272727272726	0.2431818181818182	0.006818181818181818	1.0	0.22045454545454546	0.3522727272727273	0.006818181818181818	0.35079726651480636	0	0.0	0.0	0	0	0	0	0	0	0	0	0	0	0	0	0	0	0	0	0	0	0	0	0	0	0	0
77	367	0.0	0.0	0.0	0.0	0.0	0.0	0.0	0.0	0.0	0.0	0.0	0.0	0.0	0.0	0.0	0.0	0.0	0.0	0.0	0.0	0.0	0.0	0.0	0.0	0	0.0	0.0	0	0	0	0	0	0	0	0	0	0	0	0	0	0	0	0	0	0	0	0	0	0	0	0
78	368	0.0036169644759720906	0.0036169644759720906	0.1069693472433867	0.8676014162612538	0.0	0.7540691301820904	0.1595508788410366	1.0000000000000002	0.6843048188794191	0.8255150948630672	0.10379895010720733	0.8250522372428403	0.0024479804161566705	0.0024479804161566705	0.0036719706242350062	0.5593635250917993	0.0012300123001230013	0.22140221402214022	0.011015911872705019	1.0	0.14075887392900857	0.3522727272727273	0.006818181818181818	0.35079726651480636	0	0.0	0.0	0	0	0	0	0	0	0	0	0	0	0	0	0	0	0	0	0	0	0	0	0	0	0	0
79	369	0.10021615688476794	0.10021615688476794	0.0	0.9007127564510853	0.4854785599041388	0.4043665815397928	0.10116426644115113	1.0000000000000002	0.6437197312171351	0.4811272358505413	0.5608314867293819	0.7596016173743511	0.002068252326783868	0.002068252326783868	0.001034126163391934	0.56153050672182	0.14891416752843847	0.11168562564632885	0.0031023784901758012	1.0	0.10754912099276112	0.1623578076525336	0.21509824198552224	0.2122153209109731	0	0.0	0.0	0	0	0	0	0	0	0	0	0	0	0	0	0	0	0	0	0	0	0	0	0	0	0	0
80	370	0.0	0.0	0.0	0.9416573636926436	0.7753361128048342	0.0	0.0	0.9999999999999999	0.7093359510799099	0.09718619292102605	0.8428254912453857	0.8428254912453857	0.0018975332068311196	0.0018975332068311196	0.0018975332068311196	0.7362428842504743	0.2713472485768501	0.0018975332068311196	0.0018975332068311196	1.0	0.1954459203036053	0.003795066413662239	0.3889943074003795	0.3889943074003795	0	0.0	0.0	0	0	0	0	0	0	0	0	0	0	0	0	0	0	0	0	0	0	0	0	0	0	0	0
81	371	0.0	0.0	0.0	0.9416573636926436	0.7753361128048342	0.0	0.0	0.9999999999999999	0.7093359510799099	0.09718619292102605	0.8428254912453857	0.8428254912453857	0.0018975332068311196	0.0018975332068311196	0.0018975332068311196	0.7362428842504743	0.2713472485768501	0.0018975332068311196	0.0018975332068311196	1.0	0.1954459203036053	0.003795066413662239	0.3889943074003795	0.3889943074003795	1	527.0	0.0	0	0	0	0	0	0	0	0	0	0	0	0	0	0	0	0	0	1	0	0	0	0	0	0
82	372	0.0	0.0	0.0	0.9416573636926436	0.7753361128048342	0.0	0.0	0.9999999999999999	0.7093359510799099	0.09718619292102605	0.8428254912453857	0.8428254912453857	0.0018975332068311196	0.0018975332068311196	0.0018975332068311196	0.7362428842504743	0.2713472485768501	0.0018975332068311196	0.0018975332068311196	1.0	0.1954459203036053	0.003795066413662239	0.3889943074003795	0.3889943074003795	205	2.5707317073170732	1.6549628303903243e-06	0	0	0	0	0	0	0	0	0	0	0	0	0	0	0	0	0	0	0	0	0	0	1	0
83	373	0.0	0.0	0.0	0.9416573636926436	0.7753361128048342	0.0	0.0	0.9999999999999999	0.7093359510799099	0.09718619292102605	0.8428254912453857	0.8428254912453857	0.0018975332068311196	0.0018975332068311196	0.0018975332068311196	0.7362428842504743	0.2713472485768501	0.0018975332068311196	0.0018975332068311196	1.0	0.1954459203036053	0.003795066413662239	0.3889943074003795	0.3889943074003795	205	2.5707317073170732	1.6549628303903243e-06	0	0	0	0	0	0	0	0	0	0	0	0	0	0	0	0	0	0	0	0	0	0	1	0
84	374	0.0	0.0	0.0	0.9416573636926436	0.7753361128048342	0.0	0.0	0.9999999999999999	0.7093359510799099	0.09718619292102605	0.8428254912453857	0.8428254912453857	0.0018975332068311196	0.0018975332068311196	0.0018975332068311196	0.7362428842504743	0.2713472485768501	0.0018975332068311196	0.0018975332068311196	1.0	0.1954459203036053	0.003795066413662239	0.3889943074003795	0.3889943074003795	2	263.5	0.04083927137605363	0	0	0	0	0	0	0	0	0	0	0	0	0	0	0	0	0	0	0	0	0	1	0	0
85	375	0.0	0.0	0.0	0.9416573636926436	0.7753361128048342	0.0	0.0	0.9999999999999999	0.7093359510799099	0.09718619292102605	0.8428254912453857	0.8428254912453857	0.0018975332068311196	0.0018975332068311196	0.0018975332068311196	0.7362428842504743	0.2713472485768501	0.0018975332068311196	0.0018975332068311196	1.0	0.1954459203036053	0.003795066413662239	0.3889943074003795	0.3889943074003795	143	3.6853146853146854	9.941752618060291e-06	0	0	0	0	0	0	0	0	0	0	0	0	0	0	0	0	1	0	0	0	0	0	0	0
86	376	0.0	0.0	0.0	0.9416573636926436	0.7753361128048342	0.0	0.0	0.9999999999999999	0.7093359510799099	0.09718619292102605	0.8428254912453857	0.8428254912453857	0.0018975332068311196	0.0018975332068311196	0.0018975332068311196	0.7362428842504743	0.2713472485768501	0.0018975332068311196	0.0018975332068311196	1.0	0.1954459203036053	0.003795066413662239	0.3889943074003795	0.3889943074003795	205	2.5707317073170732	1.654962830390325e-06	0	0	0	0	0	0	0	0	0	0	0	0	0	0	0	0	1	0	0	0	0	1	0	0
87	377	0.0	0.0	0.027503193864175702	0.9972555091800693	0.9108511275255645	0.0	0.027644140915294595	0.9999999999999998	0.5294880371840953	0.09718619292102605	0.8428254912453857	0.8428254912453857	0.00012769761205465457	0.00012769761205465457	0.00025539522410930913	0.982250031924403	0.4712041884816754	0.00012769761205465457	0.0003830928361639637	1.0	0.014940620610394586	0.003795066413662239	0.3889943074003795	0.3889943074003795	0	0.0	0.0	0	0	0	0	0	0	0	0	0	0	0	0	0	0	0	0	0	0	0	0	0	0	0	0
88	378	0.10021615688476794	0.10021615688476794	0.0	0.9007127564510853	0.4854785599041388	0.4043665815397928	0.10116426644115113	1.0000000000000002	0.6437197312171351	0.4811272358505413	0.5608314867293819	0.7596016173743511	0.002068252326783868	0.002068252326783868	0.001034126163391934	0.56153050672182	0.14891416752843847	0.11168562564632885	0.0031023784901758012	1.0	0.10754912099276112	0.1623578076525336	0.21509824198552224	0.2122153209109731	0	0.0	0.0	0	0	0	0	0	0	0	0	0	0	0	0	0	0	0	0	0	0	0	0	0	0	0	0
89	379	0.0	0.0	0.0	0.9416573636926436	0.7753361128048342	0.0	0.0	0.9999999999999999	0.7093359510799099	0.09718619292102605	0.8428254912453857	0.8428254912453857	0.0018975332068311196	0.0018975332068311196	0.0018975332068311196	0.7362428842504743	0.2713472485768501	0.0018975332068311196	0.0018975332068311196	1.0	0.1954459203036053	0.003795066413662239	0.3889943074003795	0.3889943074003795	0	0.0	0.0	0	0	0	0	0	0	0	0	0	0	0	0	0	0	0	0	0	0	0	0	0	0	0	0
90	380	0.0	0.0	0.0	0.9416573636926436	0.7753361128048342	0.0	0.0	0.9999999999999999	0.7093359510799099	0.09718619292102605	0.8428254912453857	0.8428254912453857	0.0018975332068311196	0.0018975332068311196	0.0018975332068311196	0.7362428842504743	0.2713472485768501	0.0018975332068311196	0.0018975332068311196	1.0	0.1954459203036053	0.003795066413662239	0.3889943074003795	0.3889943074003795	143	3.6853146853146854	9.941752618060291e-06	0	0	0	0	0	0	0	0	0	0	0	0	0	0	0	0	1	0	0	0	0	0	0	0
91	493	0.03441566998979106	0.03441566998979106	0.03907942930560797	0.9882895163487554	0.8505898002931425	0.08682694827348257	0.054094410058565176	1.0	0.5233950094061363	0.4811272358505413	0.5608314867293819	0.7596016173743511	0.00023126734505087883	0.00023126734505087883	0.0003469010175763182	0.9422987974098057	0.42700138824618233	0.02093937991670523	0.001156336725254394	1.0	0.01364477335800185	0.1623578076525336	0.21509824198552224	0.2122153209109731	0	0.0	0.0	0	0	0	0	0	0	0	0	0	0	0	0	0	0	0	0	0	0	0	0	0	0	0	0
92	495	0.03441566998979106	0.03441566998979106	0.03907942930560797	0.9882895163487554	0.8505898002931425	0.08682694827348257	0.054094410058565176	1.0	0.5233950094061363	0.4811272358505413	0.5608314867293819	0.7596016173743511	0.00023126734505087883	0.00023126734505087883	0.0003469010175763182	0.9422987974098057	0.42700138824618233	0.02093937991670523	0.001156336725254394	1.0	0.01364477335800185	0.1623578076525336	0.21509824198552224	0.2122153209109731	181	47.75690607734806	0.004504289000343205	0	0	0	0	0	0	0	0	0	0	0	0	0	0	0	0	0	1	0	0	0	0	0	0
93	496	0.03441566998979106	0.03441566998979106	0.03907942930560797	0.9882895163487554	0.8505898002931425	0.08682694827348257	0.054094410058565176	1.0	0.5233950094061363	0.4811272358505413	0.5608314867293819	0.7596016173743511	0.00023126734505087883	0.00023126734505087883	0.0003469010175763182	0.9422987974098057	0.42700138824618233	0.02093937991670523	0.001156336725254394	1.0	0.01364477335800185	0.1623578076525336	0.21509824198552224	0.2122153209109731	3691	2.341912760769439	2.392073788688466e-06	0	0	0	0	0	0	0	0	0	0	0	0	0	0	0	0	1	0	0	0	0	0	0	0
94	508	0.03441566998979106	0.03441566998979106	0.03907942930560797	0.9882895163487554	0.8505898002931425	0.08682694827348257	0.054094410058565176	1.0	0.5233950094061363	0.4811272358505413	0.5608314867293819	0.7596016173743511	0.00023126734505087883	0.00023126734505087883	0.0003469010175763182	0.9422987974098057	0.42700138824618233	0.02093937991670523	0.001156336725254394	1.0	0.01364477335800185	0.1623578076525336	0.21509824198552224	0.2122153209109731	0	0.0	0.0	0	0	0	0	0	0	0	0	0	0	0	0	0	0	0	0	0	0	0	0	0	0	0	0
95	509	0.03441566998979106	0.03441566998979106	0.03907942930560797	0.9882895163487554	0.8505898002931425	0.08682694827348257	0.054094410058565176	1.0	0.5233950094061363	0.4811272358505413	0.5608314867293819	0.7596016173743511	0.00023126734505087883	0.00023126734505087883	0.0003469010175763182	0.9422987974098057	0.42700138824618233	0.02093937991670523	0.001156336725254394	1.0	0.01364477335800185	0.1623578076525336	0.21509824198552224	0.2122153209109731	0	0.0	0.0	0	0	0	0	0	0	0	0	0	0	0	0	0	0	0	0	0	0	0	0	0	0	0	0
96	510	0.0	0.0	0.027503193864175702	0.9972555091800693	0.9108511275255645	0.0	0.027644140915294595	0.9999999999999998	0.5294880371840953	0.09718619292102605	0.8428254912453857	0.8428254912453857	0.00012769761205465457	0.00012769761205465457	0.00025539522410930913	0.982250031924403	0.4712041884816754	0.00012769761205465457	0.0003830928361639637	1.0	0.014940620610394586	0.003795066413662239	0.3889943074003795	0.3889943074003795	0	0.0	0.0	0	0	0	0	0	0	0	0	0	0	0	0	0	0	0	0	0	0	0	0	0	0	0	0
97	513	0.0	0.0	0.027503193864175702	0.9972555091800693	0.9108511275255645	0.0	0.027644140915294595	0.9999999999999998	0.5294880371840953	0.09718619292102605	0.8428254912453857	0.8428254912453857	0.00012769761205465457	0.00012769761205465457	0.00025539522410930913	0.982250031924403	0.4712041884816754	0.00012769761205465457	0.0003830928361639637	1.0	0.014940620610394586	0.003795066413662239	0.3889943074003795	0.3889943074003795	0	0.0	0.0	0	0	0	0	0	0	0	0	0	0	0	0	0	0	0	0	0	0	0	0	0	0	0	0
98	514	0.0	0.0	0.027503193864175702	0.9972555091800693	0.9108511275255645	0.0	0.027644140915294595	0.9999999999999998	0.5294880371840953	0.09718619292102605	0.8428254912453857	0.8428254912453857	0.00012769761205465457	0.00012769761205465457	0.00025539522410930913	0.982250031924403	0.4712041884816754	0.00012769761205465457	0.0003830928361639637	1.0	0.014940620610394586	0.003795066413662239	0.3889943074003795	0.3889943074003795	1	7831.0	0.0	0	0	0	0	0	0	0	0	0	0	0	0	0	0	0	0	0	1	0	0	0	0	0	0
99	517	0.0014134632556310517	0.0014134632556310517	0.10293616369355832	0.8673615027422452	0.0	0.7540691301820904	0.15530615493418992	1.0000000000000002	0.6847831617895511	0.8255150948630672	0.10379895010720733	0.8250522372428403	0.0024600246002460025	0.0024600246002460025	0.0024600246002460025	0.5596555965559655	0.0012300123001230013	0.22140221402214022	0.008610086100861008	1.0	0.14145141451414514	0.3522727272727273	0.006818181818181818	0.35079726651480636	0	0.0	0.0	0	0	0	0	0	0	0	0	0	0	0	0	0	0	0	0	0	0	0	0	0	0	0	0
100	518	0.0026456904217143002	0.0026456904217143002	0.0	0.8255150948630672	0.0	0.7548451311246946	0.012856623217214399	1.0	0.7167417565329589	0.8255150948630672	0.10379895010720733	0.8250522372428403	0.004545454545454545	0.004545454545454545	0.0022727272727272726	0.3522727272727273	0.0022727272727272726	0.2431818181818182	0.006818181818181818	1.0	0.22045454545454546	0.3522727272727273	0.006818181818181818	0.35079726651480636	0	0.0	0.0	0	0	0	0	0	0	0	0	0	0	0	0	0	0	0	0	0	0	0	0	0	0	0	0
101	523	0.0014134632556310517	0.0014134632556310517	0.10293616369355832	0.8673615027422452	0.0	0.7540691301820904	0.15530615493418992	1.0000000000000002	0.6847831617895511	0.8255150948630672	0.10379895010720733	0.8250522372428403	0.0024600246002460025	0.0024600246002460025	0.0024600246002460025	0.5596555965559655	0.0012300123001230013	0.22140221402214022	0.008610086100861008	1.0	0.14145141451414514	0.3522727272727273	0.006818181818181818	0.35079726651480636	0	0.0	0.0	0	0	0	0	0	0	0	0	0	0	0	0	0	0	0	0	0	0	0	0	0	0	0	0
102	524	0.0014134632556310517	0.0014134632556310517	0.10293616369355832	0.8673615027422452	0.0	0.7540691301820904	0.15530615493418992	1.0000000000000002	0.6847831617895511	0.8255150948630672	0.10379895010720733	0.8250522372428403	0.0024600246002460025	0.0024600246002460025	0.0024600246002460025	0.5596555965559655	0.0012300123001230013	0.22140221402214022	0.008610086100861008	1.0	0.14145141451414514	0.3522727272727273	0.006818181818181818	0.35079726651480636	0	0.0	0.0	0	0	0	0	0	0	0	0	0	0	0	0	0	0	0	0	0	0	0	0	0	0	0	0
103	525	0.03441566998979106	0.03441566998979106	0.03907942930560797	0.9882895163487554	0.8505898002931425	0.08682694827348257	0.054094410058565176	1.0	0.5233950094061363	0.4811272358505413	0.5608314867293819	0.7596016173743511	0.00023126734505087883	0.00023126734505087883	0.0003469010175763182	0.9422987974098057	0.42700138824618233	0.02093937991670523	0.001156336725254394	1.0	0.01364477335800185	0.1623578076525336	0.21509824198552224	0.2122153209109731	205	4.712195121951219	3.9625273341749775e-06	0	0	0	0	0	0	0	0	0	0	0	0	0	0	0	0	0	0	0	0	0	0	0	1
104	526	0.03441566998979106	0.03441566998979106	0.03907942930560797	0.9882895163487554	0.8505898002931425	0.08682694827348257	0.054094410058565176	1.0	0.5233950094061363	0.4811272358505413	0.5608314867293819	0.7596016173743511	0.00023126734505087883	0.00023126734505087883	0.0003469010175763182	0.9422987974098057	0.42700138824618233	0.02093937991670523	0.001156336725254394	1.0	0.01364477335800185	0.1623578076525336	0.21509824198552224	0.2122153209109731	205	4.712195121951219	3.9625273341749775e-06	0	0	0	0	0	0	0	0	0	0	0	0	0	0	0	0	0	0	0	0	0	0	0	1
105	527	0.03441566998979106	0.03441566998979106	0.03907942930560797	0.9882895163487554	0.8505898002931425	0.08682694827348257	0.054094410058565176	1.0	0.5233950094061363	0.4811272358505413	0.5608314867293819	0.7596016173743511	0.00023126734505087883	0.00023126734505087883	0.0003469010175763182	0.9422987974098057	0.42700138824618233	0.02093937991670523	0.001156336725254394	1.0	0.01364477335800185	0.1623578076525336	0.21509824198552224	0.2122153209109731	205	4.712195121951219	3.9625273341749775e-06	0	0	0	0	0	0	0	0	0	0	0	0	0	0	0	0	0	0	0	0	0	0	0	1
106	528	0.03441566998979106	0.03441566998979106	0.03907942930560797	0.9882895163487554	0.8505898002931425	0.08682694827348257	0.054094410058565176	1.0	0.5233950094061363	0.4811272358505413	0.5608314867293819	0.7596016173743511	0.00023126734505087883	0.00023126734505087883	0.0003469010175763182	0.9422987974098057	0.42700138824618233	0.02093937991670523	0.001156336725254394	1.0	0.01364477335800185	0.1623578076525336	0.21509824198552224	0.2122153209109731	205	4.712195121951219	3.9625273341749775e-06	0	0	0	0	0	0	0	0	0	0	0	0	0	0	0	0	0	0	0	0	0	0	0	1
107	529	0.03441566998979106	0.03441566998979106	0.03907942930560797	0.9882895163487554	0.8505898002931425	0.08682694827348257	0.054094410058565176	1.0	0.5233950094061363	0.4811272358505413	0.5608314867293819	0.7596016173743511	0.00023126734505087883	0.00023126734505087883	0.0003469010175763182	0.9422987974098057	0.42700138824618233	0.02093937991670523	0.001156336725254394	1.0	0.01364477335800185	0.1623578076525336	0.21509824198552224	0.2122153209109731	205	4.712195121951219	3.9625273341749775e-06	0	0	0	0	0	0	0	0	0	0	0	0	0	0	0	0	0	0	0	0	0	0	0	1
108	530	0.03441566998979106	0.03441566998979106	0.03907942930560797	0.9882895163487554	0.8505898002931425	0.08682694827348257	0.054094410058565176	1.0	0.5233950094061363	0.4811272358505413	0.5608314867293819	0.7596016173743511	0.00023126734505087883	0.00023126734505087883	0.0003469010175763182	0.9422987974098057	0.42700138824618233	0.02093937991670523	0.001156336725254394	1.0	0.01364477335800185	0.1623578076525336	0.21509824198552224	0.2122153209109731	0	0.0	0.0	0	0	0	0	0	0	0	0	0	0	0	0	0	0	0	0	0	0	0	0	0	0	0	0
109	531	0.03441566998979106	0.03441566998979106	0.03907942930560797	0.9882895163487554	0.8505898002931425	0.08682694827348257	0.054094410058565176	1.0	0.5233950094061363	0.4811272358505413	0.5608314867293819	0.7596016173743511	0.00023126734505087883	0.00023126734505087883	0.0003469010175763182	0.9422987974098057	0.42700138824618233	0.02093937991670523	0.001156336725254394	1.0	0.01364477335800185	0.1623578076525336	0.21509824198552224	0.2122153209109731	0	0.0	0.0	0	0	0	0	0	0	0	0	0	0	0	0	0	0	0	0	0	0	0	0	0	0	0	0
110	532	0.03441566998979106	0.03441566998979106	0.03907942930560797	0.9882895163487554	0.8505898002931425	0.08682694827348257	0.054094410058565176	1.0	0.5233950094061363	0.4811272358505413	0.5608314867293819	0.7596016173743511	0.00023126734505087883	0.00023126734505087883	0.0003469010175763182	0.9422987974098057	0.42700138824618233	0.02093937991670523	0.001156336725254394	1.0	0.01364477335800185	0.1623578076525336	0.21509824198552224	0.2122153209109731	0	0.0	0.0	0	0	0	0	0	0	0	0	0	0	0	0	0	0	0	0	0	0	0	0	0	0	0	0
111	533	0.03441566998979106	0.03441566998979106	0.03907942930560797	0.9882895163487554	0.8505898002931425	0.08682694827348257	0.054094410058565176	1.0	0.5233950094061363	0.4811272358505413	0.5608314867293819	0.7596016173743511	0.00023126734505087883	0.00023126734505087883	0.0003469010175763182	0.9422987974098057	0.42700138824618233	0.02093937991670523	0.001156336725254394	1.0	0.01364477335800185	0.1623578076525336	0.21509824198552224	0.2122153209109731	0	0.0	0.0	0	0	0	0	0	0	0	0	0	0	0	0	0	0	0	0	0	0	0	0	0	0	0	0
112	534	0.03441566998979106	0.03441566998979106	0.03907942930560797	0.9882895163487554	0.8505898002931425	0.08682694827348257	0.054094410058565176	1.0	0.5233950094061363	0.4811272358505413	0.5608314867293819	0.7596016173743511	0.00023126734505087883	0.00023126734505087883	0.0003469010175763182	0.9422987974098057	0.42700138824618233	0.02093937991670523	0.001156336725254394	1.0	0.01364477335800185	0.1623578076525336	0.21509824198552224	0.2122153209109731	0	0.0	0.0	0	0	0	0	0	0	0	0	0	0	0	0	0	0	0	0	0	0	0	0	0	0	0	0
113	535	0.10021615688476794	0.10021615688476794	0.0	0.9007127564510853	0.4854785599041388	0.4043665815397928	0.10116426644115113	1.0000000000000002	0.6437197312171351	0.4811272358505413	0.5608314867293819	0.7596016173743511	0.002068252326783868	0.002068252326783868	0.001034126163391934	0.56153050672182	0.14891416752843847	0.11168562564632885	0.0031023784901758012	1.0	0.10754912099276112	0.1623578076525336	0.21509824198552224	0.2122153209109731	0	0.0	0.0	0	0	0	0	0	0	0	0	0	0	0	0	0	0	0	0	0	0	0	0	0	0	0	0
114	536	0.10021615688476794	0.10021615688476794	0.0	0.9007127564510853	0.4854785599041388	0.4043665815397928	0.10116426644115113	1.0000000000000002	0.6437197312171351	0.4811272358505413	0.5608314867293819	0.7596016173743511	0.002068252326783868	0.002068252326783868	0.001034126163391934	0.56153050672182	0.14891416752843847	0.11168562564632885	0.0031023784901758012	1.0	0.10754912099276112	0.1623578076525336	0.21509824198552224	0.2122153209109731	0	0.0	0.0	0	0	0	0	0	0	0	0	0	0	0	0	0	0	0	0	0	0	0	0	0	0	0	0
115	537	0.10021615688476794	0.10021615688476794	0.0	0.9007127564510853	0.4854785599041388	0.4043665815397928	0.10116426644115113	1.0000000000000002	0.6437197312171351	0.4811272358505413	0.5608314867293819	0.7596016173743511	0.002068252326783868	0.002068252326783868	0.001034126163391934	0.56153050672182	0.14891416752843847	0.11168562564632885	0.0031023784901758012	1.0	0.10754912099276112	0.1623578076525336	0.21509824198552224	0.2122153209109731	157	6.159235668789809	0.0010685928516663648	0	0	0	0	0	0	0	0	0	0	0	0	0	0	0	0	0	0	0	0	0	1	0	0
116	538	0.11719457793754988	0.11719457793754988	0.17832303691903587	0.614791122159637	0.11731081881026093	0.12027350080880579	0.3673535700662918	0.9993192982471565	0.4655851546461917	0.24959835727489257	0.25044151472736087	0.13574850065631686	0.005747126436781609	0.005747126436781609	0.017241379310344827	0.5517241379310345	0.005747126436781609	0.008620689655172414	0.1206896551724138	0.9971264367816092	0.05172413793103448	0.02586206896551724	0.028735632183908046	0.01440922190201729	0	0.0	0.0	0	0	0	0	0	0	0	0	0	0	0	0	0	0	0	0	0	0	0	0	0	0	0	0
117	539	0.11719457793754988	0.11719457793754988	0.17832303691903587	0.614791122159637	0.11731081881026093	0.12027350080880579	0.3673535700662918	0.9993192982471565	0.4655851546461917	0.24959835727489257	0.25044151472736087	0.13574850065631686	0.005747126436781609	0.005747126436781609	0.017241379310344827	0.5517241379310345	0.005747126436781609	0.008620689655172414	0.1206896551724138	0.9971264367816092	0.05172413793103448	0.02586206896551724	0.028735632183908046	0.01440922190201729	6	58.0	0.04077762364028714	0	0	0	0	0	0	0	0	0	0	0	0	0	0	1	0	0	0	0	0	0	0	0	0
118	540	0.11719457793754988	0.11719457793754988	0.17832303691903587	0.614791122159637	0.11731081881026093	0.12027350080880579	0.3673535700662918	0.9993192982471565	0.4655851546461917	0.24959835727489257	0.25044151472736087	0.13574850065631686	0.005747126436781609	0.005747126436781609	0.017241379310344827	0.5517241379310345	0.005747126436781609	0.008620689655172414	0.1206896551724138	0.9971264367816092	0.05172413793103448	0.02586206896551724	0.028735632183908046	0.01440922190201729	5	69.4	0.08509197817438896	0	0	0	0	0	0	0	0	0	0	0	0	0	0	0	0	0	0	0	0	0	0	0	1
119	541	0.0	0.0	0.0	0.0	0.0	0.0	0.0	0.0	0.0	0.0	0.0	0.0	0.0	0.0	0.0	0.0	0.0	0.0	0.0	0.0	0.0	0.0	0.0	0.0	0			0	0	0	0	0	0	0	0	0	0	0	0	0	0	0	0	0	0	0	0	0	0	0	1
120	542	0.20843312473476686	0.20843312473476686	0.20507721044865684	0.9844214875661369	0.20843312473476686	0.20843312473476686	0.7534584779384266	1.0	0.33208213791840957	0.20843312473476686	0.20843312473476686	0.0	0.07407407407407407	0.07407407407407407	0.07407407407407407	0.9629629629629629	0.07407407407407407	0.07407407407407407	0.5925925925925926	1.0	0.1111111111111111	0.07407407407407407	0.07407407407407407	0.037037037037037035	1	27.0	0.0	0	0	0	0	0	0	0	0	0	0	0	0	0	0	0	0	0	0	0	0	0	0	0	1
121	543	0.0	0.0	0.22630030977895443	1.0000000000000002	0.0	0.0	0.9535095090581451	1.0000000000000002	0.44211410869774026	0.0	0.0	0.0	0.08333333333333333	0.08333333333333333	0.16666666666666666	1.0	0.08333333333333333	0.08333333333333333	0.9166666666666666	1.0	0.25	0.08333333333333333	0.08333333333333333	0.08333333333333333	1	12.0	0.0	0	0	0	0	0	0	0	0	0	0	0	0	0	0	0	0	0	0	0	0	0	0	0	1
122	544	0.20843312473476686	0.20843312473476686	0.20507721044865684	0.9844214875661369	0.20843312473476686	0.20843312473476686	0.7534584779384266	1.0	0.33208213791840957	0.20843312473476686	0.20843312473476686	0.0	0.07407407407407407	0.07407407407407407	0.07407407407407407	0.9629629629629629	0.07407407407407407	0.07407407407407407	0.5925925925925926	1.0	0.1111111111111111	0.07407407407407407	0.07407407407407407	0.037037037037037035	2	13.5	0.0030864197530864226	0	0	0	0	0	0	0	0	0	0	0	0	0	0	0	0	0	1	0	0	0	0	0	1
123	545	0.20843312473476686	0.20843312473476686	0.20507721044865684	0.9844214875661369	0.20843312473476686	0.20843312473476686	0.7534584779384266	1.0	0.33208213791840957	0.20843312473476686	0.20843312473476686	0.0	0.07407407407407407	0.07407407407407407	0.07407407407407407	0.9629629629629629	0.07407407407407407	0.07407407407407407	0.5925925925925926	1.0	0.1111111111111111	0.07407407407407407	0.07407407407407407	0.037037037037037035	2	13.5	0.0030864197530864226	0	0	0	0	0	0	0	0	0	0	0	0	0	0	0	0	0	1	0	0	0	0	0	1
124	546	0.11719457793754988	0.11719457793754988	0.17832303691903587	0.614791122159637	0.11731081881026093	0.12027350080880579	0.3673535700662918	0.9993192982471565	0.4655851546461917	0.24959835727489257	0.25044151472736087	0.13574850065631686	0.005747126436781609	0.005747126436781609	0.017241379310344827	0.5517241379310345	0.005747126436781609	0.008620689655172414	0.1206896551724138	0.9971264367816092	0.05172413793103448	0.02586206896551724	0.028735632183908046	0.01440922190201729	5	69.4	0.08509197817438896	0	0	0	0	0	0	0	0	0	0	0	0	0	0	0	0	0	0	0	0	0	0	0	1
125	585	0.03441566998979106	0.03441566998979106	0.03907942930560797	0.9882895163487554	0.8505898002931425	0.08682694827348257	0.054094410058565176	1.0	0.5233950094061363	0.4811272358505413	0.5608314867293819	0.7596016173743511	0.00023126734505087883	0.00023126734505087883	0.0003469010175763182	0.9422987974098057	0.42700138824618233	0.02093937991670523	0.001156336725254394	1.0	0.01364477335800185	0.1623578076525336	0.21509824198552224	0.2122153209109731	0	0.0	0.0	0	0	0	0	0	0	0	0	0	0	0	0	0	0	0	0	0	0	0	0	0	0	0	0
126	586	0.03441566998979106	0.03441566998979106	0.03907942930560797	0.9882895163487554	0.8505898002931425	0.08682694827348257	0.054094410058565176	1.0	0.5233950094061363	0.4811272358505413	0.5608314867293819	0.7596016173743511	0.00023126734505087883	0.00023126734505087883	0.0003469010175763182	0.9422987974098057	0.42700138824618233	0.02093937991670523	0.001156336725254394	1.0	0.01364477335800185	0.1623578076525336	0.21509824198552224	0.2122153209109731	181	47.75690607734806	0.004504289000343205	0	0	0	0	0	0	0	0	0	0	0	0	0	0	0	0	0	1	0	0	0	0	0	0
127	587	0.03441566998979106	0.03441566998979106	0.03907942930560797	0.9882895163487554	0.8505898002931425	0.08682694827348257	0.054094410058565176	1.0	0.5233950094061363	0.4811272358505413	0.5608314867293819	0.7596016173743511	0.00023126734505087883	0.00023126734505087883	0.0003469010175763182	0.9422987974098057	0.42700138824618233	0.02093937991670523	0.001156336725254394	1.0	0.01364477335800185	0.1623578076525336	0.21509824198552224	0.2122153209109731	3691	2.341912760769439	2.392073788688466e-06	0	0	0	0	0	0	0	0	0	0	0	0	0	0	0	0	1	0	0	0	0	0	0	0
128	588	0.03441566998979106	0.03441566998979106	0.03907942930560797	0.9882895163487554	0.8505898002931425	0.08682694827348257	0.054094410058565176	1.0	0.5233950094061363	0.4811272358505413	0.5608314867293819	0.7596016173743511	0.00023126734505087883	0.00023126734505087883	0.0003469010175763182	0.9422987974098057	0.42700138824618233	0.02093937991670523	0.001156336725254394	1.0	0.01364477335800185	0.1623578076525336	0.21509824198552224	0.2122153209109731	3	2882.6666666666665	0.15573878839491948	0	0	0	0	0	0	0	0	0	0	0	0	0	0	1	0	0	0	0	0	0	0	0	0
129	589	0.03441566998979106	0.03441566998979106	0.03907942930560797	0.9882895163487554	0.8505898002931425	0.08682694827348257	0.054094410058565176	1.0	0.5233950094061363	0.4811272358505413	0.5608314867293819	0.7596016173743511	0.00023126734505087883	0.00023126734505087883	0.0003469010175763182	0.9422987974098057	0.42700138824618233	0.02093937991670523	0.001156336725254394	1.0	0.01364477335800185	0.1623578076525336	0.21509824198552224	0.2122153209109731	205	4.712195121951219	3.9625273341749775e-06	0	0	0	0	0	0	0	0	0	0	0	0	0	0	0	0	0	0	0	0	0	0	0	1
130	590	0.03441566998979106	0.03441566998979106	0.03907942930560797	0.9882895163487554	0.8505898002931425	0.08682694827348257	0.054094410058565176	1.0	0.5233950094061363	0.4811272358505413	0.5608314867293819	0.7596016173743511	0.00023126734505087883	0.00023126734505087883	0.0003469010175763182	0.9422987974098057	0.42700138824618233	0.02093937991670523	0.001156336725254394	1.0	0.01364477335800185	0.1623578076525336	0.21509824198552224	0.2122153209109731	181	47.75690607734806	0.004504289000343205	0	0	0	0	0	0	0	0	0	0	0	0	0	0	0	0	0	1	0	0	0	0	0	0
131	633	0.11719457793754988	0.11719457793754988	0.17832303691903587	0.614791122159637	0.11731081881026093	0.12027350080880579	0.3673535700662918	0.9993192982471565	0.4655851546461917	0.24959835727489257	0.25044151472736087	0.13574850065631686	0.005747126436781609	0.005747126436781609	0.017241379310344827	0.5517241379310345	0.005747126436781609	0.008620689655172414	0.1206896551724138	0.9971264367816092	0.05172413793103448	0.02586206896551724	0.028735632183908046	0.01440922190201729	0	0.0	0.0	0	0	0	0	0	0	0	0	0	0	0	0	0	0	0	0	0	0	0	0	0	0	0	0
132	634	0.11719457793754988	0.11719457793754988	0.17832303691903587	0.614791122159637	0.11731081881026093	0.12027350080880579	0.3673535700662918	0.9993192982471565	0.4655851546461917	0.24959835727489257	0.25044151472736087	0.13574850065631686	0.005747126436781609	0.005747126436781609	0.017241379310344827	0.5517241379310345	0.005747126436781609	0.008620689655172414	0.1206896551724138	0.9971264367816092	0.05172413793103448	0.02586206896551724	0.028735632183908046	0.01440922190201729	3	116.0	0.05691526841943013	0	0	0	0	0	0	0	0	0	0	0	0	0	0	0	0	0	1	0	0	0	0	0	0
133	635	0.11719457793754988	0.11719457793754988	0.17832303691903587	0.614791122159637	0.11731081881026093	0.12027350080880579	0.3673535700662918	0.9993192982471565	0.4655851546461917	0.24959835727489257	0.25044151472736087	0.13574850065631686	0.005747126436781609	0.005747126436781609	0.017241379310344827	0.5517241379310345	0.005747126436781609	0.008620689655172414	0.1206896551724138	0.9971264367816092	0.05172413793103448	0.02586206896551724	0.028735632183908046	0.01440922190201729	3	116.0	0.05691526841943013	0	0	0	0	0	0	0	0	0	0	0	0	0	0	0	0	0	1	0	0	0	0	0	0
134	636	0.11719457793754988	0.11719457793754988	0.17832303691903587	0.614791122159637	0.11731081881026093	0.12027350080880579	0.3673535700662918	0.9993192982471565	0.4655851546461917	0.24959835727489257	0.25044151472736087	0.13574850065631686	0.005747126436781609	0.005747126436781609	0.017241379310344827	0.5517241379310345	0.005747126436781609	0.008620689655172414	0.1206896551724138	0.9971264367816092	0.05172413793103448	0.02586206896551724	0.028735632183908046	0.01440922190201729	3	116.0	0.05691526841943013	0	0	0	0	0	0	0	0	0	0	0	0	0	0	0	0	0	1	0	0	0	0	0	0
135	637	0.11719457793754988	0.11719457793754988	0.17832303691903587	0.614791122159637	0.11731081881026093	0.12027350080880579	0.3673535700662918	0.9993192982471565	0.4655851546461917	0.24959835727489257	0.25044151472736087	0.13574850065631686	0.005747126436781609	0.005747126436781609	0.017241379310344827	0.5517241379310345	0.005747126436781609	0.008620689655172414	0.1206896551724138	0.9971264367816092	0.05172413793103448	0.02586206896551724	0.028735632183908046	0.01440922190201729	2	174.0	0.0033029462280354093	0	0	0	0	0	0	0	0	0	0	0	0	0	0	0	0	1	0	0	0	0	0	0	0
136	638	0.11719457793754988	0.11719457793754988	0.17832303691903587	0.614791122159637	0.11731081881026093	0.12027350080880579	0.3673535700662918	0.9993192982471565	0.4655851546461917	0.24959835727489257	0.25044151472736087	0.13574850065631686	0.005747126436781609	0.005747126436781609	0.017241379310344827	0.5517241379310345	0.005747126436781609	0.008620689655172414	0.1206896551724138	0.9971264367816092	0.05172413793103448	0.02586206896551724	0.028735632183908046	0.01440922190201729	9	38.666666666666664	0.023307790549169864	0	0	0	0	0	0	0	0	0	0	0	0	0	0	0	0	0	0	0	0	0	1	0	0
137	639	0.0	0.0	0.0	1.0000000000000002	0.0	0.0	0.010812346928926768	1.0000000000000002	0.5026480617029578	0.0	0.0	0.0	0.008928571428571428	0.008928571428571428	0.008928571428571428	1.0	0.008928571428571428	0.008928571428571428	0.017857142857142856	1.0	0.09821428571428571	0.008928571428571428	0.008928571428571428	0.008928571428571428	0	0.0	0.0	0	0	0	0	0	0	0	0	0	0	0	0	0	0	0	0	0	0	0	0	0	0	0	0
138	640	0.11719457793754988	0.11719457793754988	0.17832303691903587	0.614791122159637	0.11731081881026093	0.12027350080880579	0.3673535700662918	0.9993192982471565	0.4655851546461917	0.24959835727489257	0.25044151472736087	0.13574850065631686	0.005747126436781609	0.005747126436781609	0.017241379310344827	0.5517241379310345	0.005747126436781609	0.008620689655172414	0.1206896551724138	0.9971264367816092	0.05172413793103448	0.02586206896551724	0.028735632183908046	0.01440922190201729	10	34.8	0.022098031444048087	0	0	0	0	0	0	0	0	0	0	0	0	0	0	0	0	0	0	0	0	0	0	1	0
139	641	0.0	0.0	0.25513681726897225	0.9658722633586914	0.0	0.0	0.5971282038462186	1.0	0.4007269187720247	0.0	0.0	0.0	0.06666666666666667	0.06666666666666667	0.13333333333333333	0.9333333333333333	0.06666666666666667	0.06666666666666667	0.4	1.0	0.2	0.06666666666666667	0.06666666666666667	0.06666666666666667	0	0.0	0.0	0	0	0	0	0	0	0	0	0	0	0	0	0	0	0	0	0	0	0	0	0	0	0	0
140	642	0.30102999566398114	0.30102999566398114	0.0	0.9999999999999998	0.29228525323862886	0.40969100130080555	0.40843137199002016	0.9397940008672038	0.6762456261857126	0.9397940008672038	0.9397940008672038	0.7195867761904633	0.2	0.2	0.1	1.0	0.2	0.3	0.4	0.9	0.5	0.9	0.9	0.5555555555555556	0	0.0	0.0	0	0	0	0	0	0	0	0	0	0	0	0	0	0	0	0	0	0	0	0	0	0	0	0
141	661	0.03441566998979106	0.03441566998979106	0.03907942930560797	0.9882895163487554	0.8505898002931425	0.08682694827348257	0.054094410058565176	1.0	0.5233950094061363	0.4811272358505413	0.5608314867293819	0.7596016173743511	0.00023126734505087883	0.00023126734505087883	0.0003469010175763182	0.9422987974098057	0.42700138824618233	0.02093937991670523	0.001156336725254394	1.0	0.01364477335800185	0.1623578076525336	0.21509824198552224	0.2122153209109731	0	0.0	0.0	0	0	0	0	0	0	0	0	0	0	0	0	0	0	0	0	0	0	0	0	0	0	0	0
142	712	0.11719457793754988	0.11719457793754988	0.17832303691903587	0.614791122159637	0.11731081881026093	0.12027350080880579	0.3673535700662918	0.9993192982471565	0.4655851546461917	0.24959835727489257	0.25044151472736087	0.13574850065631686	0.005747126436781609	0.005747126436781609	0.017241379310344827	0.5517241379310345	0.005747126436781609	0.008620689655172414	0.1206896551724138	0.9971264367816092	0.05172413793103448	0.02586206896551724	0.028735632183908046	0.01440922190201729	0	0.0	0.0	0	0	0	0	0	0	0	0	0	0	0	0	0	0	0	0	0	0	0	0	0	0	0	0
143	713	0.11719457793754988	0.11719457793754988	0.17832303691903587	0.614791122159637	0.11731081881026093	0.12027350080880579	0.3673535700662918	0.9993192982471565	0.4655851546461917	0.24959835727489257	0.25044151472736087	0.13574850065631686	0.005747126436781609	0.005747126436781609	0.017241379310344827	0.5517241379310345	0.005747126436781609	0.008620689655172414	0.1206896551724138	0.9971264367816092	0.05172413793103448	0.02586206896551724	0.028735632183908046	0.01440922190201729	0	0.0	0.0	0	0	0	0	0	0	0	0	0	0	0	0	0	0	0	0	0	0	0	0	0	0	0	0
144	753	0.03441566998979106	0.03441566998979106	0.03907942930560797	0.9882895163487554	0.8505898002931425	0.08682694827348257	0.054094410058565176	1.0	0.5233950094061363	0.4811272358505413	0.5608314867293819	0.7596016173743511	0.00023126734505087883	0.00023126734505087883	0.0003469010175763182	0.9422987974098057	0.42700138824618233	0.02093937991670523	0.001156336725254394	1.0	0.01364477335800185	0.1623578076525336	0.21509824198552224	0.2122153209109731	0	0.0	0.0	0	0	0	0	0	0	0	0	0	0	0	0	0	0	0	0	0	0	0	0	0	0	0	0
145	809	0.03441566998979106	0.03441566998979106	0.03907942930560797	0.9882895163487554	0.8505898002931425	0.08682694827348257	0.054094410058565176	1.0	0.5233950094061363	0.4811272358505413	0.5608314867293819	0.7596016173743511	0.00023126734505087883	0.00023126734505087883	0.0003469010175763182	0.9422987974098057	0.42700138824618233	0.02093937991670523	0.001156336725254394	1.0	0.01364477335800185	0.1623578076525336	0.21509824198552224	0.2122153209109731	0	0.0	0.0	0	0	0	0	0	0	0	0	0	0	0	0	0	0	0	0	0	0	0	0	0	0	0	0
146	813	0.03441566998979106	0.03441566998979106	0.03907942930560797	0.9882895163487554	0.8505898002931425	0.08682694827348257	0.054094410058565176	1.0	0.5233950094061363	0.4811272358505413	0.5608314867293819	0.7596016173743511	0.00023126734505087883	0.00023126734505087883	0.0003469010175763182	0.9422987974098057	0.42700138824618233	0.02093937991670523	0.001156336725254394	1.0	0.01364477335800185	0.1623578076525336	0.21509824198552224	0.2122153209109731	3	2882.6666666666665	0.15573878839491948	0	0	0	0	0	0	0	0	0	0	0	0	0	0	1	0	0	0	0	0	0	0	0	0
147	814	0.03441566998979106	0.03441566998979106	0.03907942930560797	0.9882895163487554	0.8505898002931425	0.08682694827348257	0.054094410058565176	1.0	0.5233950094061363	0.4811272358505413	0.5608314867293819	0.7596016173743511	0.00023126734505087883	0.00023126734505087883	0.0003469010175763182	0.9422987974098057	0.42700138824618233	0.02093937991670523	0.001156336725254394	1.0	0.01364477335800185	0.1623578076525336	0.21509824198552224	0.2122153209109731	289	30.01388888888889	0.002480116545577138	0	0	0	0	0	0	0	0	0	0	0	0	0	0	1	0	0	1	0	0	0	0	0	0
148	815	0.03441566998979106	0.03441566998979106	0.03907942930560797	0.9882895163487554	0.8505898002931425	0.08682694827348257	0.054094410058565176	1.0	0.5233950094061363	0.4811272358505413	0.5608314867293819	0.7596016173743511	0.00023126734505087883	0.00023126734505087883	0.0003469010175763182	0.9422987974098057	0.42700138824618233	0.02093937991670523	0.001156336725254394	1.0	0.01364477335800185	0.1623578076525336	0.21509824198552224	0.2122153209109731	4120	2.098567613498422	5.335154053001439e-09	0	0	0	0	0	0	0	0	0	0	0	0	0	0	1	0	1	1	0	0	0	0	0	0
149	821	0.03441566998979106	0.03441566998979106	0.03907942930560797	0.9882895163487554	0.8505898002931425	0.08682694827348257	0.054094410058565176	1.0	0.5233950094061363	0.4811272358505413	0.5608314867293819	0.7596016173743511	0.00023126734505087883	0.00023126734505087883	0.0003469010175763182	0.9422987974098057	0.42700138824618233	0.02093937991670523	0.001156336725254394	1.0	0.01364477335800185	0.1623578076525336	0.21509824198552224	0.2122153209109731	4120	2.098567613498422	5.335154053001439e-09	0	0	0	0	0	0	0	0	0	0	0	0	0	0	1	0	1	1	0	0	0	0	0	0
150	848	0.03441566998979106	0.03441566998979106	0.03907942930560797	0.9882895163487554	0.8505898002931425	0.08682694827348257	0.054094410058565176	1.0	0.5233950094061363	0.4811272358505413	0.5608314867293819	0.7596016173743511	0.00023126734505087883	0.00023126734505087883	0.0003469010175763182	0.9422987974098057	0.42700138824618233	0.02093937991670523	0.001156336725254394	1.0	0.01364477335800185	0.1623578076525336	0.21509824198552224	0.2122153209109731	0	0.0	0.0	0	0	0	0	0	0	0	0	0	0	0	0	0	0	0	0	0	0	0	0	0	0	0	0
151	849	0.11719457793754988	0.11719457793754988	0.17832303691903587	0.614791122159637	0.11731081881026093	0.12027350080880579	0.3673535700662918	0.9993192982471565	0.4655851546461917	0.24959835727489257	0.25044151472736087	0.13574850065631686	0.005747126436781609	0.005747126436781609	0.017241379310344827	0.5517241379310345	0.005747126436781609	0.008620689655172414	0.1206896551724138	0.9971264367816092	0.05172413793103448	0.02586206896551724	0.028735632183908046	0.01440922190201729	0	0.0	0.0	0	0	0	0	0	0	0	0	0	0	0	0	0	0	0	0	0	0	0	0	0	0	0	0
152	850	0.11719457793754988	0.11719457793754988	0.17832303691903587	0.614791122159637	0.11731081881026093	0.12027350080880579	0.3673535700662918	0.9993192982471565	0.4655851546461917	0.24959835727489257	0.25044151472736087	0.13574850065631686	0.005747126436781609	0.005747126436781609	0.017241379310344827	0.5517241379310345	0.005747126436781609	0.008620689655172414	0.1206896551724138	0.9971264367816092	0.05172413793103448	0.02586206896551724	0.028735632183908046	0.01440922190201729	0	0.0	0.0	0	0	0	0	0	0	0	0	0	0	0	0	0	0	0	0	0	0	0	0	0	0	0	0
153	851													1.0	1.0	1.0	1.0	1.0	1.0	1.0	1.0	1.0	1.0	1.0	1.0	0	0.0	0.0	0	0	0	0	0	0	0	0	0	0	0	0	0	0	0	0	0	0	0	0	0	0	0	0
154	869	0.03441566998979106	0.03441566998979106	0.03907942930560797	0.9882895163487554	0.8505898002931425	0.08682694827348257	0.054094410058565176	1.0	0.5233950094061363	0.4811272358505413	0.5608314867293819	0.7596016173743511	0.00023126734505087883	0.00023126734505087883	0.0003469010175763182	0.9422987974098057	0.42700138824618233	0.02093937991670523	0.001156336725254394	1.0	0.01364477335800185	0.1623578076525336	0.21509824198552224	0.2122153209109731	0	0.0	0.0	0	0	0	0	0	0	0	0	0	0	0	0	0	0	0	0	0	0	0	0	0	0	0	0
155	870	0.03441566998979106	0.03441566998979106	0.03907942930560797	0.9882895163487554	0.8505898002931425	0.08682694827348257	0.054094410058565176	1.0	0.5233950094061363	0.4811272358505413	0.5608314867293819	0.7596016173743511	0.00023126734505087883	0.00023126734505087883	0.0003469010175763182	0.9422987974098057	0.42700138824618233	0.02093937991670523	0.001156336725254394	1.0	0.01364477335800185	0.1623578076525336	0.21509824198552224	0.2122153209109731	0	0.0	0.0	0	0	0	0	0	0	0	0	0	0	0	0	0	0	0	0	0	0	0	0	0	0	0	0
156	880	0.03441566998979106	0.03441566998979106	0.03907942930560797	0.9882895163487554	0.8505898002931425	0.08682694827348257	0.054094410058565176	1.0	0.5233950094061363	0.4811272358505413	0.5608314867293819	0.7596016173743511	0.00023126734505087883	0.00023126734505087883	0.0003469010175763182	0.9422987974098057	0.42700138824618233	0.02093937991670523	0.001156336725254394	1.0	0.01364477335800185	0.1623578076525336	0.21509824198552224	0.2122153209109731	0	0.0	0.0	0	0	0	0	0	0	0	0	0	0	0	0	0	0	0	0	0	0	0	0	0	0	0	0
157	883	0.11719457793754988	0.11719457793754988	0.17832303691903587	0.614791122159637	0.11731081881026093	0.12027350080880579	0.3673535700662918	0.9993192982471565	0.4655851546461917	0.24959835727489257	0.25044151472736087	0.13574850065631686	0.005747126436781609	0.005747126436781609	0.017241379310344827	0.5517241379310345	0.005747126436781609	0.008620689655172414	0.1206896551724138	0.9971264367816092	0.05172413793103448	0.02586206896551724	0.028735632183908046	0.01440922190201729	0	0.0	0.0	0	0	0	0	0	0	0	0	0	0	0	0	0	0	0	0	0	0	0	0	0	0	0	0
158	892	0.13520520029325336	0.124530115851107	0.004259260409299242	0.9720012003882974	0.13519705843923124	0.1246065776834009	0.07084261619905845	0.9999893119756565	0.26817262467474	0.7030296062494772	0.6908706160074507	0.9332159645993594	0.0003669724770642202	0.0002935779816513761	0.00044036697247706424	0.8275229357798165	0.0003669724770642202	0.0003669724770642202	0.0013944954128440367	0.9999266055045871	0.03823853211009174	0.28628230616302186	0.3283263382666961	0.5475699558173786	0	0.0	0.0	0	0	0	0	0	0	0	0	0	0	0	0	0	0	0	0	0	0	0	0	0	0	0	0
159	893	0.12082301751638064	0.004029276179682551	0.0	0.9849265708261259	0.12089631601290884	0.0041783779991424515	0.08129469519712343	0.9999791451742719	0.28414062330309814	0.7739906400273636	0.5664082096234425	0.9994368356920814	0.0005365526492287056	0.00040241448692152917	0.0001341381623071764	0.9062374245472837	0.0005365526492287056	0.0005365526492287056	0.0008048289738430583	0.9998658618376928	0.06961770623742455	0.13775989268947014	0.4642521797451375	0.9963777837402736	0	0.0	0.0	0	0	0	0	0	0	0	0	0	0	0	0	0	0	0	0	0	0	0	0	0	0	0	0
160	895	0.11951404334932672	0.0	0.0	0.9848361083203016	0.11951404334932672	0.0	0.07817461092526237	1.0000000000000002	0.2828137334071405	0.7732957449283835	0.564893031574476	1.0000000000000002	0.00040458530006743087	0.00013486176668914363	0.00013486176668914363	0.9057316250842886	0.00040458530006743087	0.00013486176668914363	0.0005394470667565745	1.0	0.0698583951449764	0.13486176668914363	0.46486850977747807	1.0	0	0.0	0.0	0	0	0	0	0	0	0	0	0	0	0	0	0	0	0	0	0	0	0	0	0	0	0	0
161	910	0.03441566998979106	0.03441566998979106	0.03907942930560797	0.9882895163487554	0.8505898002931425	0.08682694827348257	0.054094410058565176	1.0	0.5233950094061363	0.4811272358505413	0.5608314867293819	0.7596016173743511	0.00023126734505087883	0.00023126734505087883	0.0003469010175763182	0.9422987974098057	0.42700138824618233	0.02093937991670523	0.001156336725254394	1.0	0.01364477335800185	0.1623578076525336	0.21509824198552224	0.2122153209109731	0	0.0	0.0	0	0	0	0	0	0	0	0	0	0	0	0	0	0	0	0	0	0	0	0	0	0	0	0
162	1001	0.11719457793754988	0.11719457793754988	0.17832303691903587	0.614791122159637	0.11731081881026093	0.12027350080880579	0.3673535700662918	0.9993192982471565	0.4655851546461917	0.24959835727489257	0.25044151472736087	0.13574850065631686	0.005747126436781609	0.005747126436781609	0.017241379310344827	0.5517241379310345	0.005747126436781609	0.008620689655172414	0.1206896551724138	0.9971264367816092	0.05172413793103448	0.02586206896551724	0.028735632183908046	0.01440922190201729	0	0.0	0.0	0	0	0	0	0	0	0	0	0	0	0	0	0	0	0	0	0	0	0	0	0	0	0	0
163	1002	0.11719457793754988	0.11719457793754988	0.17832303691903587	0.614791122159637	0.11731081881026093	0.12027350080880579	0.3673535700662918	0.9993192982471565	0.4655851546461917	0.24959835727489257	0.25044151472736087	0.13574850065631686	0.005747126436781609	0.005747126436781609	0.017241379310344827	0.5517241379310345	0.005747126436781609	0.008620689655172414	0.1206896551724138	0.9971264367816092	0.05172413793103448	0.02586206896551724	0.028735632183908046	0.01440922190201729	347	1.0028818443804035	2.3727864920817093e-08	0	0	0	0	0	0	0	0	0	0	0	0	0	0	0	0	0	0	0	1	0	0	0	0
164	1005	0.11719457793754988	0.11719457793754988	0.17832303691903587	0.614791122159637	0.11731081881026093	0.12027350080880579	0.3673535700662918	0.9993192982471565	0.4655851546461917	0.24959835727489257	0.25044151472736087	0.13574850065631686	0.005747126436781609	0.005747126436781609	0.017241379310344827	0.5517241379310345	0.005747126436781609	0.008620689655172414	0.1206896551724138	0.9971264367816092	0.05172413793103448	0.02586206896551724	0.028735632183908046	0.01440922190201729	347	1.0028818443804035	2.3727864920817093e-08	0	0	0	0	0	0	0	0	0	0	0	0	0	0	0	0	0	0	0	1	0	0	0	0
165	1006	0.11719457793754988	0.11719457793754988	0.17832303691903587	0.614791122159637	0.11731081881026093	0.12027350080880579	0.3673535700662918	0.9993192982471565	0.4655851546461917	0.24959835727489257	0.25044151472736087	0.13574850065631686	0.005747126436781609	0.005747126436781609	0.017241379310344827	0.5517241379310345	0.005747126436781609	0.008620689655172414	0.1206896551724138	0.9971264367816092	0.05172413793103448	0.02586206896551724	0.028735632183908046	0.01440922190201729	347	1.0028818443804035	2.3727864920817093e-08	0	0	0	0	0	0	0	0	0	0	0	0	0	0	0	0	0	0	0	1	0	0	0	0
166	1007	0.11719457793754988	0.11719457793754988	0.17832303691903587	0.614791122159637	0.11731081881026093	0.12027350080880579	0.3673535700662918	0.9993192982471565	0.4655851546461917	0.24959835727489257	0.25044151472736087	0.13574850065631686	0.005747126436781609	0.005747126436781609	0.017241379310344827	0.5517241379310345	0.005747126436781609	0.008620689655172414	0.1206896551724138	0.9971264367816092	0.05172413793103448	0.02586206896551724	0.028735632183908046	0.01440922190201729	347	1.0028818443804035	2.3727864920817093e-08	0	0	0	0	0	0	0	0	0	0	0	0	0	0	0	0	0	0	0	1	0	0	0	0
167	1008	0.11719457793754988	0.11719457793754988	0.17832303691903587	0.614791122159637	0.11731081881026093	0.12027350080880579	0.3673535700662918	0.9993192982471565	0.4655851546461917	0.24959835727489257	0.25044151472736087	0.13574850065631686	0.005747126436781609	0.005747126436781609	0.017241379310344827	0.5517241379310345	0.005747126436781609	0.008620689655172414	0.1206896551724138	0.9971264367816092	0.05172413793103448	0.02586206896551724	0.028735632183908046	0.01440922190201729	347	1.0028818443804035	2.3727864920817093e-08	0	0	0	0	0	0	0	0	0	0	0	0	0	0	0	0	0	0	0	1	0	0	0	0
168	1009	0.11719457793754988	0.11719457793754988	0.17832303691903587	0.614791122159637	0.11731081881026093	0.12027350080880579	0.3673535700662918	0.9993192982471565	0.4655851546461917	0.24959835727489257	0.25044151472736087	0.13574850065631686	0.005747126436781609	0.005747126436781609	0.017241379310344827	0.5517241379310345	0.005747126436781609	0.008620689655172414	0.1206896551724138	0.9971264367816092	0.05172413793103448	0.02586206896551724	0.028735632183908046	0.01440922190201729	348	1.0	5.484386443196465e-34	0	0	0	0	0	0	0	0	0	0	0	0	0	0	0	0	0	0	0	1	0	0	0	1
169	1010	0.11719457793754988	0.11719457793754988	0.17832303691903587	0.614791122159637	0.11731081881026093	0.12027350080880579	0.3673535700662918	0.9993192982471565	0.4655851546461917	0.24959835727489257	0.25044151472736087	0.13574850065631686	0.005747126436781609	0.005747126436781609	0.017241379310344827	0.5517241379310345	0.005747126436781609	0.008620689655172414	0.1206896551724138	0.9971264367816092	0.05172413793103448	0.02586206896551724	0.028735632183908046	0.01440922190201729	348	1.0	5.484386443196465e-34	0	0	0	0	0	0	0	0	0	0	0	0	0	0	0	0	0	0	0	1	0	0	0	1
170	1011	0.11719457793754988	0.11719457793754988	0.17832303691903587	0.614791122159637	0.11731081881026093	0.12027350080880579	0.3673535700662918	0.9993192982471565	0.4655851546461917	0.24959835727489257	0.25044151472736087	0.13574850065631686	0.005747126436781609	0.005747126436781609	0.017241379310344827	0.5517241379310345	0.005747126436781609	0.008620689655172414	0.1206896551724138	0.9971264367816092	0.05172413793103448	0.02586206896551724	0.028735632183908046	0.01440922190201729	348	1.0	5.484386443196465e-34	0	0	0	0	0	0	0	0	0	0	0	0	0	0	0	0	0	0	0	1	0	0	0	1
171	1012	0.11719457793754988	0.11719457793754988	0.17832303691903587	0.614791122159637	0.11731081881026093	0.12027350080880579	0.3673535700662918	0.9993192982471565	0.4655851546461917	0.24959835727489257	0.25044151472736087	0.13574850065631686	0.005747126436781609	0.005747126436781609	0.017241379310344827	0.5517241379310345	0.005747126436781609	0.008620689655172414	0.1206896551724138	0.9971264367816092	0.05172413793103448	0.02586206896551724	0.028735632183908046	0.01440922190201729	348	1.0	5.484386443196465e-34	0	0	0	0	0	0	0	0	0	0	0	0	0	0	0	0	0	0	0	1	0	0	0	1
172	1013	0.11719457793754988	0.11719457793754988	0.17832303691903587	0.614791122159637	0.11731081881026093	0.12027350080880579	0.3673535700662918	0.9993192982471565	0.4655851546461917	0.24959835727489257	0.25044151472736087	0.13574850065631686	0.005747126436781609	0.005747126436781609	0.017241379310344827	0.5517241379310345	0.005747126436781609	0.008620689655172414	0.1206896551724138	0.9971264367816092	0.05172413793103448	0.02586206896551724	0.028735632183908046	0.01440922190201729	348	1.0	5.484386443196465e-34	0	0	0	0	0	0	0	0	0	0	0	0	0	0	0	0	0	0	0	1	0	0	0	1
173	1014	0.11719457793754988	0.11719457793754988	0.17832303691903587	0.614791122159637	0.11731081881026093	0.12027350080880579	0.3673535700662918	0.9993192982471565	0.4655851546461917	0.24959835727489257	0.25044151472736087	0.13574850065631686	0.005747126436781609	0.005747126436781609	0.017241379310344827	0.5517241379310345	0.005747126436781609	0.008620689655172414	0.1206896551724138	0.9971264367816092	0.05172413793103448	0.02586206896551724	0.028735632183908046	0.01440922190201729	348	1.0	5.484386443196465e-34	0	0	0	0	0	0	0	0	0	0	0	0	0	0	0	0	0	0	0	1	0	0	0	1
174	1015	0.11719457793754988	0.11719457793754988	0.17832303691903587	0.614791122159637	0.11731081881026093	0.12027350080880579	0.3673535700662918	0.9993192982471565	0.4655851546461917	0.24959835727489257	0.25044151472736087	0.13574850065631686	0.005747126436781609	0.005747126436781609	0.017241379310344827	0.5517241379310345	0.005747126436781609	0.008620689655172414	0.1206896551724138	0.9971264367816092	0.05172413793103448	0.02586206896551724	0.028735632183908046	0.01440922190201729	348	1.0	5.484386443196465e-34	0	0	0	0	0	0	0	0	0	0	0	0	0	0	0	0	0	0	0	1	0	0	0	1
175	1016	0.11719457793754988	0.11719457793754988	0.17832303691903587	0.614791122159637	0.11731081881026093	0.12027350080880579	0.3673535700662918	0.9993192982471565	0.4655851546461917	0.24959835727489257	0.25044151472736087	0.13574850065631686	0.005747126436781609	0.005747126436781609	0.017241379310344827	0.5517241379310345	0.005747126436781609	0.008620689655172414	0.1206896551724138	0.9971264367816092	0.05172413793103448	0.02586206896551724	0.028735632183908046	0.01440922190201729	348	1.0	5.484386443196465e-34	0	0	0	0	0	0	0	0	0	0	0	0	0	0	0	0	0	1	0	1	0	0	0	1
176	1156	0.03441566998979106	0.03441566998979106	0.03907942930560797	0.9882895163487554	0.8505898002931425	0.08682694827348257	0.054094410058565176	1.0	0.5233950094061363	0.4811272358505413	0.5608314867293819	0.7596016173743511	0.00023126734505087883	0.00023126734505087883	0.0003469010175763182	0.9422987974098057	0.42700138824618233	0.02093937991670523	0.001156336725254394	1.0	0.01364477335800185	0.1623578076525336	0.21509824198552224	0.2122153209109731	0	0.0	0.0	0	0	0	0	0	0	0	0	0	0	0	0	0	0	0	0	0	0	0	0	0	0	0	0
177	1157	0.03441566998979106	0.03441566998979106	0.03907942930560797	0.9882895163487554	0.8505898002931425	0.08682694827348257	0.054094410058565176	1.0	0.5233950094061363	0.4811272358505413	0.5608314867293819	0.7596016173743511	0.00023126734505087883	0.00023126734505087883	0.0003469010175763182	0.9422987974098057	0.42700138824618233	0.02093937991670523	0.001156336725254394	1.0	0.01364477335800185	0.1623578076525336	0.21509824198552224	0.2122153209109731	0	0.0	0.0	0	0	0	0	0	0	0	0	0	0	0	0	0	0	0	0	0	0	0	0	0	0	0	0
178	1158	0.03441566998979106	0.03441566998979106	0.03907942930560797	0.9882895163487554	0.8505898002931425	0.08682694827348257	0.054094410058565176	1.0	0.5233950094061363	0.4811272358505413	0.5608314867293819	0.7596016173743511	0.00023126734505087883	0.00023126734505087883	0.0003469010175763182	0.9422987974098057	0.42700138824618233	0.02093937991670523	0.001156336725254394	1.0	0.01364477335800185	0.1623578076525336	0.21509824198552224	0.2122153209109731	181	47.75690607734806	0.004504289000343205	0	0	0	0	0	0	0	0	0	0	0	0	0	0	0	0	0	1	0	0	0	0	0	0
179	1159	0.0	0.0	0.0	1.0000000000000002	0.0	0.8806583476274286	0.0	1.0000000000000002	0.7633976381849589	-0.0	-0.0	-0.0	0.0033783783783783786	0.0033783783783783786	0.0033783783783783786	1.0	0.0033783783783783786	0.5101351351351351	0.0033783783783783786	1.0	0.2972972972972973				0	0.0	0.0	0	0	0	0	0	0	0	0	0	0	0	0	0	0	0	0	0	0	0	0	0	0	0	0
180	1160	0.0	0.0	0.355245321275764	0.6934264036172707	0.0	0.0	0.355245321275764	0.9999999999999999	0.4841962570206112	0.4056390622295664	0.4056390622295664	0.4056390622295664	0.16666666666666666	0.16666666666666666	0.3333333333333333	0.6666666666666666	0.16666666666666666	0.16666666666666666	0.3333333333333333	1.0	0.5	0.5	0.5	0.5	0	0.0	0.0	0	0	0	0	0	0	0	0	0	0	0	0	0	0	0	0	0	0	0	0	0	0	0	0
181	1161	0.0	0.0	0.30744974986419643	0.8982265179691364	0.0	0.0	0.30744974986419643	0.9999999999999999	0.656265789089031	0.4181656600790517	0.4181656600790517	0.4181656600790517	0.14285714285714285	0.14285714285714285	0.2857142857142857	0.8571428571428571	0.14285714285714285	0.14285714285714285	0.2857142857142857	1.0	0.5714285714285714	0.4	0.4	0.4	0	0.0	0.0	0	0	0	0	0	0	0	0	0	0	0	0	0	0	0	0	0	0	0	0	0	0	0	0
182	1162	0.11719457793754988	0.11719457793754988	0.17832303691903587	0.614791122159637	0.11731081881026093	0.12027350080880579	0.3673535700662918	0.9993192982471565	0.4655851546461917	0.24959835727489257	0.25044151472736087	0.13574850065631686	0.005747126436781609	0.005747126436781609	0.017241379310344827	0.5517241379310345	0.005747126436781609	0.008620689655172414	0.1206896551724138	0.9971264367816092	0.05172413793103448	0.02586206896551724	0.028735632183908046	0.01440922190201729	0	0.0	0.0	0	0	0	0	0	0	0	0	0	0	0	0	0	0	0	0	0	0	0	0	0	0	0	0
183	1163	0.11719457793754988	0.11719457793754988	0.17832303691903587	0.614791122159637	0.11731081881026093	0.12027350080880579	0.3673535700662918	0.9993192982471565	0.4655851546461917	0.24959835727489257	0.25044151472736087	0.13574850065631686	0.005747126436781609	0.005747126436781609	0.017241379310344827	0.5517241379310345	0.005747126436781609	0.008620689655172414	0.1206896551724138	0.9971264367816092	0.05172413793103448	0.02586206896551724	0.028735632183908046	0.01440922190201729	3	116.0	0.05691526841943013	0	0	0	0	0	0	0	0	0	0	0	0	0	0	0	0	0	1	0	0	0	0	0	0
184	1164	0.11719457793754988	0.11719457793754988	0.17832303691903587	0.614791122159637	0.11731081881026093	0.12027350080880579	0.3673535700662918	0.9993192982471565	0.4655851546461917	0.24959835727489257	0.25044151472736087	0.13574850065631686	0.005747126436781609	0.005747126436781609	0.017241379310344827	0.5517241379310345	0.005747126436781609	0.008620689655172414	0.1206896551724138	0.9971264367816092	0.05172413793103448	0.02586206896551724	0.028735632183908046	0.01440922190201729	2	174.0	0.0033029462280354093	0	0	0	0	0	0	0	0	0	0	0	0	0	0	0	0	1	0	0	0	0	0	0	0
185	1165	0.11719457793754988	0.11719457793754988	0.17832303691903587	0.614791122159637	0.11731081881026093	0.12027350080880579	0.3673535700662918	0.9993192982471565	0.4655851546461917	0.24959835727489257	0.25044151472736087	0.13574850065631686	0.005747126436781609	0.005747126436781609	0.017241379310344827	0.5517241379310345	0.005747126436781609	0.008620689655172414	0.1206896551724138	0.9971264367816092	0.05172413793103448	0.02586206896551724	0.028735632183908046	0.01440922190201729	9	38.666666666666664	0.023307790549169864	0	0	0	0	0	0	0	0	0	0	0	0	0	0	0	0	0	0	0	0	0	1	0	0
186	1166	0.0	0.0	0.0	0.0	0.0	0.0	0.2428270122429014	1.0	0.47046365729616185	0.0	0.0	0.0	0.0064516129032258064	0.0064516129032258064	0.0064516129032258064	0.0064516129032258064	0.0064516129032258064	0.0064516129032258064	0.04516129032258064	1.0	0.07096774193548387	0.0064516129032258064	0.0064516129032258064	0.0064516129032258064	0	0.0	0.0	0	0	0	0	0	0	0	0	0	0	0	0	0	0	0	0	0	0	0	0	0	0	0	0
187	1167	0.0	0.0	0.0	0.0	0.0	0.0	0.2428270122429014	1.0	0.47046365729616185	0.0	0.0	0.0	0.0064516129032258064	0.0064516129032258064	0.0064516129032258064	0.0064516129032258064	0.0064516129032258064	0.0064516129032258064	0.04516129032258064	1.0	0.07096774193548387	0.0064516129032258064	0.0064516129032258064	0.0064516129032258064	7	22.142857142857142	0.0249196202934868	0	0	0	0	0	0	0	0	0	0	0	0	0	0	0	0	0	0	1	0	0	0	0	0
188	1222	0.03441566998979106	0.03441566998979106	0.03907942930560797	0.9882895163487554	0.8505898002931425	0.08682694827348257	0.054094410058565176	1.0	0.5233950094061363	0.4811272358505413	0.5608314867293819	0.7596016173743511	0.00023126734505087883	0.00023126734505087883	0.0003469010175763182	0.9422987974098057	0.42700138824618233	0.02093937991670523	0.001156336725254394	1.0	0.01364477335800185	0.1623578076525336	0.21509824198552224	0.2122153209109731	0	0.0	0.0	0	0	0	0	0	0	0	0	0	0	0	0	0	0	0	0	0	0	0	0	0	0	0	0
189	1333	0.03441566998979106	0.03441566998979106	0.03907942930560797	0.9882895163487554	0.8505898002931425	0.08682694827348257	0.054094410058565176	1.0	0.5233950094061363	0.4811272358505413	0.5608314867293819	0.7596016173743511	0.00023126734505087883	0.00023126734505087883	0.0003469010175763182	0.9422987974098057	0.42700138824618233	0.02093937991670523	0.001156336725254394	1.0	0.01364477335800185	0.1623578076525336	0.21509824198552224	0.2122153209109731	181	47.75690607734806	0.004504289000343205	0	0	0	0	0	0	0	0	0	0	0	0	0	0	0	0	0	1	0	0	0	0	0	0
190	1388	0.03441566998979106	0.03441566998979106	0.03907942930560797	0.9882895163487554	0.8505898002931425	0.08682694827348257	0.054094410058565176	1.0	0.5233950094061363	0.4811272358505413	0.5608314867293819	0.7596016173743511	0.00023126734505087883	0.00023126734505087883	0.0003469010175763182	0.9422987974098057	0.42700138824618233	0.02093937991670523	0.001156336725254394	1.0	0.01364477335800185	0.1623578076525336	0.21509824198552224	0.2122153209109731	289	30.01388888888889	0.002480116545577138	0	0	0	0	0	0	0	0	0	0	0	0	0	0	1	0	0	1	0	0	0	0	0	0
191	1394	0.03441566998979106	0.03441566998979106	0.03907942930560797	0.9882895163487554	0.8505898002931425	0.08682694827348257	0.054094410058565176	1.0	0.5233950094061363	0.4811272358505413	0.5608314867293819	0.7596016173743511	0.00023126734505087883	0.00023126734505087883	0.0003469010175763182	0.9422987974098057	0.42700138824618233	0.02093937991670523	0.001156336725254394	1.0	0.01364477335800185	0.1623578076525336	0.21509824198552224	0.2122153209109731	3	2882.6666666666665	0.15573878839491948	0	0	0	0	0	0	0	0	0	0	0	0	0	0	1	0	0	0	0	0	0	0	0	0
192	1402	0.03441566998979106	0.03441566998979106	0.03907942930560797	0.9882895163487554	0.8505898002931425	0.08682694827348257	0.054094410058565176	1.0	0.5233950094061363	0.4811272358505413	0.5608314867293819	0.7596016173743511	0.00023126734505087883	0.00023126734505087883	0.0003469010175763182	0.9422987974098057	0.42700138824618233	0.02093937991670523	0.001156336725254394	1.0	0.01364477335800185	0.1623578076525336	0.21509824198552224	0.2122153209109731	2	4324.0	0.16473385856621947	0	0	0	0	0	0	0	0	0	0	0	0	0	1	0	0	0	0	0	0	0	0	0	0
193	1421	0.03441566998979106	0.03441566998979106	0.03907942930560797	0.9882895163487554	0.8505898002931425	0.08682694827348257	0.054094410058565176	1.0	0.5233950094061363	0.4811272358505413	0.5608314867293819	0.7596016173743511	0.00023126734505087883	0.00023126734505087883	0.0003469010175763182	0.9422987974098057	0.42700138824618233	0.02093937991670523	0.001156336725254394	1.0	0.01364477335800185	0.1623578076525336	0.21509824198552224	0.2122153209109731	181	47.75690607734806	0.004504289000343205	0	0	0	0	0	0	0	0	0	0	0	0	0	0	0	0	0	1	0	0	0	0	0	0
194	1423	0.03441566998979106	0.03441566998979106	0.03907942930560797	0.9882895163487554	0.8505898002931425	0.08682694827348257	0.054094410058565176	1.0	0.5233950094061363	0.4811272358505413	0.5608314867293819	0.7596016173743511	0.00023126734505087883	0.00023126734505087883	0.0003469010175763182	0.9422987974098057	0.42700138824618233	0.02093937991670523	0.001156336725254394	1.0	0.01364477335800185	0.1623578076525336	0.21509824198552224	0.2122153209109731	2	4324.0	0.16473385856621947	0	0	0	0	0	0	0	0	0	0	0	0	0	1	0	0	0	0	0	0	0	0	0	0
195	1424	0.03441566998979106	0.03441566998979106	0.03907942930560797	0.9882895163487554	0.8505898002931425	0.08682694827348257	0.054094410058565176	1.0	0.5233950094061363	0.4811272358505413	0.5608314867293819	0.7596016173743511	0.00023126734505087883	0.00023126734505087883	0.0003469010175763182	0.9422987974098057	0.42700138824618233	0.02093937991670523	0.001156336725254394	1.0	0.01364477335800185	0.1623578076525336	0.21509824198552224	0.2122153209109731	183	47.75690607734806	0.004504289000343205	0	0	0	0	0	0	0	0	0	0	0	0	0	1	0	0	0	1	0	0	0	0	0	0
196	1460	0.0	0.0	0.027503193864175702	0.9972555091800693	0.9108511275255645	0.0	0.027644140915294595	0.9999999999999998	0.5294880371840953	0.09718619292102605	0.8428254912453857	0.8428254912453857	0.00012769761205465457	0.00012769761205465457	0.00025539522410930913	0.982250031924403	0.4712041884816754	0.00012769761205465457	0.0003830928361639637	1.0	0.014940620610394586	0.003795066413662239	0.3889943074003795	0.3889943074003795	0	0.0	0.0	0	0	0	0	0	0	0	0	0	0	0	0	0	0	0	0	0	0	0	0	0	0	0	0
197	1466	0.0	0.0	0.0	1.0	0.0	0.0	0.0	1.0	1.0	-0.0	-0.0	-0.0	0.5	0.5	0.5	1.0	0.5	0.5	0.5	1.0	1.0				0	0.0	0.0	0	0	0	0	0	0	0	0	0	0	0	0	0	0	0	0	0	0	0	0	0	0	0	0
198	1475	0.0	0.0	0.0	1.0	0.0	0.0	0.0	1.0	1.0	-0.0	-0.0	-0.0	0.5	0.5	0.5	1.0	0.5	0.5	0.5	1.0	1.0				0	0.0	0.0	0	0	0	0	0	0	0	0	0	0	0	0	0	0	0	0	0	0	0	0	0	0	0	0
199	1482	0.0	0.0	0.027503193864175702	0.9972555091800693	0.9108511275255645	0.0	0.027644140915294595	0.9999999999999998	0.5294880371840953	0.09718619292102605	0.8428254912453857	0.8428254912453857	0.00012769761205465457	0.00012769761205465457	0.00025539522410930913	0.982250031924403	0.4712041884816754	0.00012769761205465457	0.0003830928361639637	1.0	0.014940620610394586	0.003795066413662239	0.3889943074003795	0.3889943074003795	0	0.0	0.0	0	0	0	0	0	0	0	0	0	0	0	0	0	0	0	0	0	0	0	0	0	0	0	0
200	1487	0.0	0.0	0.027503193864175702	0.9972555091800693	0.9108511275255645	0.0	0.027644140915294595	0.9999999999999998	0.5294880371840953	0.09718619292102605	0.8428254912453857	0.8428254912453857	0.00012769761205465457	0.00012769761205465457	0.00025539522410930913	0.982250031924403	0.4712041884816754	0.00012769761205465457	0.0003830928361639637	1.0	0.014940620610394586	0.003795066413662239	0.3889943074003795	0.3889943074003795	2	3915.5	0.18723219641148348	0	0	0	0	0	0	0	0	0	0	0	0	0	0	1	0	0	0	0	0	0	0	0	0
201	1520	0.0	0.0	0.0	0.9416573636926436	0.7753361128048342	0.0	0.0	0.9999999999999999	0.7093359510799099	0.09718619292102605	0.8428254912453857	0.8428254912453857	0.0018975332068311196	0.0018975332068311196	0.0018975332068311196	0.7362428842504743	0.2713472485768501	0.0018975332068311196	0.0018975332068311196	1.0	0.1954459203036053	0.003795066413662239	0.3889943074003795	0.3889943074003795	1	527.0	0.0	0	0	0	0	0	0	0	0	0	0	0	0	0	0	1	0	0	0	0	0	0	0	0	0
202	1687	0.03441566998979106	0.03441566998979106	0.03907942930560797	0.9882895163487554	0.8505898002931425	0.08682694827348257	0.054094410058565176	1.0	0.5233950094061363	0.4811272358505413	0.5608314867293819	0.7596016173743511	0.00023126734505087883	0.00023126734505087883	0.0003469010175763182	0.9422987974098057	0.42700138824618233	0.02093937991670523	0.001156336725254394	1.0	0.01364477335800185	0.1623578076525336	0.21509824198552224	0.2122153209109731	3	2882.6666666666665	0.15573878839491948	0	0	0	0	0	0	0	0	0	0	0	0	0	0	1	0	0	0	0	0	0	0	0	0
203	1693	0.03441566998979106	0.03441566998979106	0.03907942930560797	0.9882895163487554	0.8505898002931425	0.08682694827348257	0.054094410058565176	1.0	0.5233950094061363	0.4811272358505413	0.5608314867293819	0.7596016173743511	0.00023126734505087883	0.00023126734505087883	0.0003469010175763182	0.9422987974098057	0.42700138824618233	0.02093937991670523	0.001156336725254394	1.0	0.01364477335800185	0.1623578076525336	0.21509824198552224	0.2122153209109731	181	47.75690607734806	0.004504289000343205	0	0	0	0	0	0	0	0	0	0	0	0	0	0	0	0	0	1	0	0	0	0	0	0
204	1694	0.03441566998979106	0.03441566998979106	0.03907942930560797	0.9882895163487554	0.8505898002931425	0.08682694827348257	0.054094410058565176	1.0	0.5233950094061363	0.4811272358505413	0.5608314867293819	0.7596016173743511	0.00023126734505087883	0.00023126734505087883	0.0003469010175763182	0.9422987974098057	0.42700138824618233	0.02093937991670523	0.001156336725254394	1.0	0.01364477335800185	0.1623578076525336	0.21509824198552224	0.2122153209109731	3871	2.23359173126615	1.499104462457747e-08	0	0	0	0	0	0	0	0	0	0	0	0	0	0	0	0	1	1	0	0	0	0	0	0
205	1700	0.03441566998979106	0.03441566998979106	0.03907942930560797	0.9882895163487554	0.8505898002931425	0.08682694827348257	0.054094410058565176	1.0	0.5233950094061363	0.4811272358505413	0.5608314867293819	0.7596016173743511	0.00023126734505087883	0.00023126734505087883	0.0003469010175763182	0.9422987974098057	0.42700138824618233	0.02093937991670523	0.001156336725254394	1.0	0.01364477335800185	0.1623578076525336	0.21509824198552224	0.2122153209109731	4120	2.098567613498422	5.335154053001599e-09	0	0	0	0	0	0	0	0	0	0	0	0	0	0	1	0	1	1	0	0	0	0	0	0
206	1226	0.03441566998979106	0.03441566998979106	0.03907942930560797	0.9882895163487554	0.8505898002931425	0.08682694827348257	0.054094410058565176	1.0	0.5233950094061363	0.4811272358505413	0.5608314867293819	0.7596016173743511	0.00023126734505087883	0.00023126734505087883	0.0003469010175763182	0.9422987974098057	0.42700138824618233	0.02093937991670523	0.001156336725254394	1.0	0.01364477335800185	0.1623578076525336	0.21509824198552224	0.2122153209109731	0	0.0	0.0	0	0	0	0	0	0	0	0	0	0	0	0	0	0	0	0	0	0	0	0	0	0	0	0
207	1322	0.03441566998979106	0.03441566998979106	0.03907942930560797	0.9882895163487554	0.8505898002931425	0.08682694827348257	0.054094410058565176	1.0	0.5233950094061363	0.4811272358505413	0.5608314867293819	0.7596016173743511	0.00023126734505087883	0.00023126734505087883	0.0003469010175763182	0.9422987974098057	0.42700138824618233	0.02093937991670523	0.001156336725254394	1.0	0.01364477335800185	0.1623578076525336	0.21509824198552224	0.2122153209109731	2	4324.0	0.16473385856621947	0	0	0	0	0	0	0	0	0	0	0	0	0	1	0	0	0	0	0	0	0	0	0	0
208	1356	0.021722888398227846	0.021722888398227846	0.0	0.9962830794280566	0.8948894416995267	0.049743011093255116	0.00730725731928505	1.0	0.5307023657857721	-0.0	-0.0	-0.0	0.0002605184316790413	0.0002605184316790413	0.00013025921583952066	0.990491077243715	0.4807867656636707	0.023446658851113716	0.0006512960791976032	1.0	0.015240328253223915				0	0.0	0.0	0	0	0	0	0	0	0	0	0	0	0	0	0	0	0	0	0	0	0	0	0	0	0	0
209	1359	0.021722888398227846	0.021722888398227846	0.0	0.9962830794280566	0.8948894416995267	0.049743011093255116	0.00730725731928505	1.0	0.5307023657857721	-0.0	-0.0	-0.0	0.0002605184316790413	0.0002605184316790413	0.00013025921583952066	0.990491077243715	0.4807867656636707	0.023446658851113716	0.0006512960791976032	1.0	0.015240328253223915				180	42.65	0.004998032419962193	0	0	0	0	0	0	0	0	0	0	0	0	0	0	0	0	0	1	0	0	0	0	0	0
210	1366	0.021722888398227846	0.021722888398227846	0.0	0.9962830794280566	0.8948894416995267	0.049743011093255116	0.00730725731928505	1.0	0.5307023657857721	-0.0	-0.0	-0.0	0.0002605184316790413	0.0002605184316790413	0.00013025921583952066	0.990491077243715	0.4807867656636707	0.023446658851113716	0.0006512960791976032	1.0	0.015240328253223915				3869	1.9842336521064874	5.702815412411928e-10	0	0	0	0	0	0	0	0	0	0	0	0	0	0	0	0	1	1	0	0	0	0	0	0
211	1370	0.021722888398227846	0.021722888398227846	0.0	0.9962830794280566	0.8948894416995267	0.049743011093255116	0.00730725731928505	1.0	0.5307023657857721	-0.0	-0.0	-0.0	0.0002605184316790413	0.0002605184316790413	0.00013025921583952066	0.990491077243715	0.4807867656636707	0.023446658851113716	0.0006512960791976032	1.0	0.015240328253223915				3869	1.9842336521064874	5.702815412411928e-10	0	0	0	0	0	0	0	0	0	0	0	0	0	0	0	0	1	1	0	0	0	0	0	0
212	1529	0.0	0.0	0.0	0.0	0.0	0.0	0.0	0.0	0.0	0.0	0.0	0.0	0.0	0.0	0.0	0.0	0.0	0.0	0.0	0.0	0.0	0.0	0.0	0.0	0			0	0	0	0	0	0	0	0	0	0	0	0	0	0	0	0	1	1	0	0	0	0	0	0
213	1530	0.0	0.0	0.0	0.0	0.0	0.0	0.0	0.0	0.0	0.0	0.0	0.0	0.0	0.0	0.0	0.0	0.0	0.0	0.0	0.0	0.0	0.0	0.0	0.0	0			0	0	0	0	0	0	0	0	0	0	0	0	0	0	0	0	1	1	0	0	0	0	0	0
214	1549	0.10021615688476794	0.10021615688476794	0.0	0.9007127564510853	0.4854785599041388	0.4043665815397928	0.10116426644115113	1.0000000000000002	0.6437197312171351	0.4811272358505413	0.5608314867293819	0.7596016173743511	0.002068252326783868	0.002068252326783868	0.001034126163391934	0.56153050672182	0.14891416752843847	0.11168562564632885	0.0031023784901758012	1.0	0.10754912099276112	0.1623578076525336	0.21509824198552224	0.2122153209109731	0	0.0	0.0	0	0	0	0	0	0	0	0	0	0	0	0	0	0	0	0	0	0	0	0	0	0	0	0
215	1550	0.0	0.0	0.0	0.9416573636926436	0.7753361128048342	0.0	0.0	0.9999999999999999	0.7093359510799099	0.09718619292102605	0.8428254912453857	0.8428254912453857	0.0018975332068311196	0.0018975332068311196	0.0018975332068311196	0.7362428842504743	0.2713472485768501	0.0018975332068311196	0.0018975332068311196	1.0	0.1954459203036053	0.003795066413662239	0.3889943074003795	0.3889943074003795	0	0.0	0.0	0	0	0	0	0	0	0	0	0	0	0	0	0	0	0	0	0	0	0	0	0	0	0	0
216	1593	0.0	0.0	0.0	0.9416573636926436	0.7753361128048342	0.0	0.0	0.9999999999999999	0.7093359510799099	0.09718619292102605	0.8428254912453857	0.8428254912453857	0.0018975332068311196	0.0018975332068311196	0.0018975332068311196	0.7362428842504743	0.2713472485768501	0.0018975332068311196	0.0018975332068311196	1.0	0.1954459203036053	0.003795066413662239	0.3889943074003795	0.3889943074003795	143	3.6853146853146854	9.941752618060291e-06	0	0	0	0	0	0	0	0	0	0	0	0	0	0	0	0	1	0	0	0	0	0	0	0
217	1354	0.03441566998979106	0.03441566998979106	0.03907942930560797	0.9882895163487554	0.8505898002931425	0.08682694827348257	0.054094410058565176	1.0	0.5233950094061363	0.4811272358505413	0.5608314867293819	0.7596016173743511	0.00023126734505087883	0.00023126734505087883	0.0003469010175763182	0.9422987974098057	0.42700138824618233	0.02093937991670523	0.001156336725254394	1.0	0.01364477335800185	0.1623578076525336	0.21509824198552224	0.2122153209109731	0	0.0	0.0	0	0	0	0	0	0	0	0	0	0	0	0	0	0	0	0	0	0	0	0	0	0	0	0
218	1362	0.03441566998979106	0.03441566998979106	0.03907942930560797	0.9882895163487554	0.8505898002931425	0.08682694827348257	0.054094410058565176	1.0	0.5233950094061363	0.4811272358505413	0.5608314867293819	0.7596016173743511	0.00023126734505087883	0.00023126734505087883	0.0003469010175763182	0.9422987974098057	0.42700138824618233	0.02093937991670523	0.001156336725254394	1.0	0.01364477335800185	0.1623578076525336	0.21509824198552224	0.2122153209109731	181	47.75690607734806	0.004504289000343205	0	0	0	0	0	0	0	0	0	0	0	0	0	0	0	0	0	1	0	0	0	0	0	0
219	1357	0.03441566998979106	0.03441566998979106	0.03907942930560797	0.9882895163487554	0.8505898002931425	0.08682694827348257	0.054094410058565176	1.0	0.5233950094061363	0.4811272358505413	0.5608314867293819	0.7596016173743511	0.00023126734505087883	0.00023126734505087883	0.0003469010175763182	0.9422987974098057	0.42700138824618233	0.02093937991670523	0.001156336725254394	1.0	0.01364477335800185	0.1623578076525336	0.21509824198552224	0.2122153209109731	0	0.0	0.0	0	0	0	0	0	0	0	0	0	0	0	0	0	0	0	0	0	0	0	0	0	0	0	0
220	1360	0.03441566998979106	0.03441566998979106	0.03907942930560797	0.9882895163487554	0.8505898002931425	0.08682694827348257	0.054094410058565176	1.0	0.5233950094061363	0.4811272358505413	0.5608314867293819	0.7596016173743511	0.00023126734505087883	0.00023126734505087883	0.0003469010175763182	0.9422987974098057	0.42700138824618233	0.02093937991670523	0.001156336725254394	1.0	0.01364477335800185	0.1623578076525336	0.21509824198552224	0.2122153209109731	181	47.75690607734806	0.004504289000343205	0	0	0	0	0	0	0	0	0	0	0	0	0	0	0	0	0	1	0	0	0	0	0	0
221	1361	0.03441566998979106	0.03441566998979106	0.03907942930560797	0.9882895163487554	0.8505898002931425	0.08682694827348257	0.054094410058565176	1.0	0.5233950094061363	0.4811272358505413	0.5608314867293819	0.7596016173743511	0.00023126734505087883	0.00023126734505087883	0.0003469010175763182	0.9422987974098057	0.42700138824618233	0.02093937991670523	0.001156336725254394	1.0	0.01364477335800185	0.1623578076525336	0.21509824198552224	0.2122153209109731	3871	2.23359173126615	1.499104462457747e-08	0	0	0	0	0	0	0	0	0	0	0	0	0	0	0	0	1	1	0	0	0	0	0	0
222	1457	0.03441566998979106	0.03441566998979106	0.03907942930560797	0.9882895163487554	0.8505898002931425	0.08682694827348257	0.054094410058565176	1.0	0.5233950094061363	0.4811272358505413	0.5608314867293819	0.7596016173743511	0.00023126734505087883	0.00023126734505087883	0.0003469010175763182	0.9422987974098057	0.42700138824618233	0.02093937991670523	0.001156336725254394	1.0	0.01364477335800185	0.1623578076525336	0.21509824198552224	0.2122153209109731	0	0.0	0.0	0	0	0	0	0	0	0	0	0	0	0	0	0	0	0	0	0	0	0	0	0	0	0	0
223	1461	0.03441566998979106	0.03441566998979106	0.03907942930560797	0.9882895163487554	0.8505898002931425	0.08682694827348257	0.054094410058565176	1.0	0.5233950094061363	0.4811272358505413	0.5608314867293819	0.7596016173743511	0.00023126734505087883	0.00023126734505087883	0.0003469010175763182	0.9422987974098057	0.42700138824618233	0.02093937991670523	0.001156336725254394	1.0	0.01364477335800185	0.1623578076525336	0.21509824198552224	0.2122153209109731	2	4324.0	0.16473385856621947	0	0	0	0	0	0	0	0	0	0	0	0	0	1	0	0	0	0	0	0	0	0	0	0
224	1509	0.03441566998979106	0.03441566998979106	0.03907942930560797	0.9882895163487554	0.8505898002931425	0.08682694827348257	0.054094410058565176	1.0	0.5233950094061363	0.4811272358505413	0.5608314867293819	0.7596016173743511	0.00023126734505087883	0.00023126734505087883	0.0003469010175763182	0.9422987974098057	0.42700138824618233	0.02093937991670523	0.001156336725254394	1.0	0.01364477335800185	0.1623578076525336	0.21509824198552224	0.2122153209109731	181	47.75690607734806	0.004504289000343205	0	0	0	0	0	0	0	0	0	0	0	0	0	0	0	0	0	1	0	0	0	0	0	0
225	1527	0.10021615688476794	0.10021615688476794	0.0	0.9007127564510853	0.4854785599041388	0.4043665815397928	0.10116426644115113	1.0000000000000002	0.6437197312171351	0.4811272358505413	0.5608314867293819	0.7596016173743511	0.002068252326783868	0.002068252326783868	0.001034126163391934	0.56153050672182	0.14891416752843847	0.11168562564632885	0.0031023784901758012	1.0	0.10754912099276112	0.1623578076525336	0.21509824198552224	0.2122153209109731	108	8.953703703703704	0.00268495702823889	0	0	0	0	0	0	0	0	0	0	0	0	0	0	0	0	0	1	0	0	0	0	0	0
226	1545	0.0	0.0	0.0	0.9266539186132395	0.8064141291584669	0.0	0.0	1.0000000000000002	0.7401222964498118	0.0	0.8064141291584669	0.8064141291584669	0.006369426751592357	0.006369426751592357	0.006369426751592357	0.732484076433121	0.39490445859872614	0.006369426751592357	0.006369426751592357	1.0	0.31210191082802546	0.006369426751592357	0.39490445859872614	0.39490445859872614	1	157.0	0.0	0	0	0	0	0	0	0	0	0	0	0	0	0	0	0	0	0	1	0	0	0	0	0	0
227	1459	0.03441566998979106	0.03441566998979106	0.03907942930560797	0.9882895163487554	0.8505898002931425	0.08682694827348257	0.054094410058565176	1.0	0.5233950094061363	0.4811272358505413	0.5608314867293819	0.7596016173743511	0.00023126734505087883	0.00023126734505087883	0.0003469010175763182	0.9422987974098057	0.42700138824618233	0.02093937991670523	0.001156336725254394	1.0	0.01364477335800185	0.1623578076525336	0.21509824198552224	0.2122153209109731	0	0.0	0.0	0	0	0	0	0	0	0	0	0	0	0	0	0	0	0	0	0	0	0	0	0	0	0	0
228	1493	0.03441566998979106	0.03441566998979106	0.03907942930560797	0.9882895163487554	0.8505898002931425	0.08682694827348257	0.054094410058565176	1.0	0.5233950094061363	0.4811272358505413	0.5608314867293819	0.7596016173743511	0.00023126734505087883	0.00023126734505087883	0.0003469010175763182	0.9422987974098057	0.42700138824618233	0.02093937991670523	0.001156336725254394	1.0	0.01364477335800185	0.1623578076525336	0.21509824198552224	0.2122153209109731	181	47.75690607734806	0.004504289000343205	0	0	0	0	0	0	0	0	0	0	0	0	0	0	0	0	0	1	0	0	0	0	0	0
229	1505	0.03441566998979106	0.03441566998979106	0.03907942930560797	0.9882895163487554	0.8505898002931425	0.08682694827348257	0.054094410058565176	1.0	0.5233950094061363	0.4811272358505413	0.5608314867293819	0.7596016173743511	0.00023126734505087883	0.00023126734505087883	0.0003469010175763182	0.9422987974098057	0.42700138824618233	0.02093937991670523	0.001156336725254394	1.0	0.01364477335800185	0.1623578076525336	0.21509824198552224	0.2122153209109731	205	4.712195121951219	3.9625273341749775e-06	0	0	0	0	0	0	0	0	0	0	0	0	0	0	0	0	0	0	0	0	0	0	0	1
230	1507	0.03441566998979106	0.03441566998979106	0.03907942930560797	0.9882895163487554	0.8505898002931425	0.08682694827348257	0.054094410058565176	1.0	0.5233950094061363	0.4811272358505413	0.5608314867293819	0.7596016173743511	0.00023126734505087883	0.00023126734505087883	0.0003469010175763182	0.9422987974098057	0.42700138824618233	0.02093937991670523	0.001156336725254394	1.0	0.01364477335800185	0.1623578076525336	0.21509824198552224	0.2122153209109731	205	4.712195121951219	3.9625273341749775e-06	0	0	0	0	0	0	0	0	0	0	0	0	0	0	0	0	0	0	0	0	0	0	0	1
231	1514	0.3868528072345416	0.3868528072345416	0.0	0.5644754678724235	0.3868528072345416	0.3868528072345416	0.3868528072345416	0.9999999999999999	0.3868528072345416	0.3868528072345416	0.3868528072345416	0.0	0.3333333333333333	0.3333333333333333	0.16666666666666666	0.5	0.3333333333333333	0.3333333333333333	0.3333333333333333	1.0	0.3333333333333333	0.3333333333333333	0.3333333333333333	0.16666666666666666	0	0.0	0.0	0	0	0	0	0	0	0	0	0	0	0	0	0	0	0	0	0	0	0	0	0	0	0	0
232	1515	0.3868528072345416	0.3868528072345416	0.0	0.5644754678724235	0.3868528072345416	0.3868528072345416	0.3868528072345416	0.9999999999999999	0.3868528072345416	0.3868528072345416	0.3868528072345416	0.0	0.3333333333333333	0.3333333333333333	0.16666666666666666	0.5	0.3333333333333333	0.3333333333333333	0.3333333333333333	1.0	0.3333333333333333	0.3333333333333333	0.3333333333333333	0.16666666666666666	1	6.0	0.0	0	0	0	0	0	0	0	0	0	0	0	0	0	0	0	0	0	0	0	0	0	0	0	1
233	1537	0.10021615688476794	0.10021615688476794	0.0	0.9007127564510853	0.4854785599041388	0.4043665815397928	0.10116426644115113	1.0000000000000002	0.6437197312171351	0.4811272358505413	0.5608314867293819	0.7596016173743511	0.002068252326783868	0.002068252326783868	0.001034126163391934	0.56153050672182	0.14891416752843847	0.11168562564632885	0.0031023784901758012	1.0	0.10754912099276112	0.1623578076525336	0.21509824198552224	0.2122153209109731	0	0.0	0.0	0	0	0	0	0	0	0	0	0	0	0	0	0	0	0	0	0	0	0	0	0	0	0	0
234	1539	0.10021615688476794	0.10021615688476794	0.0	0.9007127564510853	0.4854785599041388	0.4043665815397928	0.10116426644115113	1.0000000000000002	0.6437197312171351	0.4811272358505413	0.5608314867293819	0.7596016173743511	0.002068252326783868	0.002068252326783868	0.001034126163391934	0.56153050672182	0.14891416752843847	0.11168562564632885	0.0031023784901758012	1.0	0.10754912099276112	0.1623578076525336	0.21509824198552224	0.2122153209109731	205	4.712195121951219	3.9625273341749775e-06	0	0	0	0	0	0	0	0	0	0	0	0	0	0	0	0	0	0	0	0	0	0	0	1
235	1552	0.0	0.0	0.0	0.9416573636926436	0.7753361128048342	0.0	0.0	0.9999999999999999	0.7093359510799099	0.09718619292102605	0.8428254912453857	0.8428254912453857	0.0018975332068311196	0.0018975332068311196	0.0018975332068311196	0.7362428842504743	0.2713472485768501	0.0018975332068311196	0.0018975332068311196	1.0	0.1954459203036053	0.003795066413662239	0.3889943074003795	0.3889943074003795	0	0.0	0.0	0	0	0	0	0	0	0	0	0	0	0	0	0	0	0	0	0	0	0	0	0	0	0	0
236	1553	0.0	0.0	0.0	0.9416573636926436	0.7753361128048342	0.0	0.0	0.9999999999999999	0.7093359510799099	0.09718619292102605	0.8428254912453857	0.8428254912453857	0.0018975332068311196	0.0018975332068311196	0.0018975332068311196	0.7362428842504743	0.2713472485768501	0.0018975332068311196	0.0018975332068311196	1.0	0.1954459203036053	0.003795066413662239	0.3889943074003795	0.3889943074003795	2	263.5	0.04083927137605363	0	0	0	0	0	0	0	0	0	0	0	0	0	0	0	0	0	0	0	0	0	1	0	0
237	1554	0.0	0.0	0.0	0.9416573636926436	0.7753361128048342	0.0	0.0	0.9999999999999999	0.7093359510799099	0.09718619292102605	0.8428254912453857	0.8428254912453857	0.0018975332068311196	0.0018975332068311196	0.0018975332068311196	0.7362428842504743	0.2713472485768501	0.0018975332068311196	0.0018975332068311196	1.0	0.1954459203036053	0.003795066413662239	0.3889943074003795	0.3889943074003795	205	2.5707317073170732	1.6549628303903247e-06	0	0	0	0	0	0	0	0	0	0	0	0	0	0	0	0	0	0	0	0	0	1	0	1
238	1600	0.03441566998979106	0.03441566998979106	0.03907942930560797	0.9882895163487554	0.8505898002931425	0.08682694827348257	0.054094410058565176	1.0	0.5233950094061363	0.4811272358505413	0.5608314867293819	0.7596016173743511	0.00023126734505087883	0.00023126734505087883	0.0003469010175763182	0.9422987974098057	0.42700138824618233	0.02093937991670523	0.001156336725254394	1.0	0.01364477335800185	0.1623578076525336	0.21509824198552224	0.2122153209109731	0	0.0	0.0	0	0	0	0	0	0	0	0	0	0	0	0	0	0	0	0	0	0	0	0	0	0	0	0
239	1602	0.03441566998979106	0.03441566998979106	0.03907942930560797	0.9882895163487554	0.8505898002931425	0.08682694827348257	0.054094410058565176	1.0	0.5233950094061363	0.4811272358505413	0.5608314867293819	0.7596016173743511	0.00023126734505087883	0.00023126734505087883	0.0003469010175763182	0.9422987974098057	0.42700138824618233	0.02093937991670523	0.001156336725254394	1.0	0.01364477335800185	0.1623578076525336	0.21509824198552224	0.2122153209109731	0	0.0	0.0	0	0	0	0	0	0	0	0	0	0	0	0	0	0	0	0	0	0	0	0	0	0	0	0
240	1611	0.03441566998979106	0.03441566998979106	0.03907942930560797	0.9882895163487554	0.8505898002931425	0.08682694827348257	0.054094410058565176	1.0	0.5233950094061363	0.4811272358505413	0.5608314867293819	0.7596016173743511	0.00023126734505087883	0.00023126734505087883	0.0003469010175763182	0.9422987974098057	0.42700138824618233	0.02093937991670523	0.001156336725254394	1.0	0.01364477335800185	0.1623578076525336	0.21509824198552224	0.2122153209109731	0	0.0	0.0	0	0	0	0	0	0	0	0	0	0	0	0	0	0	0	0	0	0	0	0	0	0	0	0
241	1613	0.03441566998979106	0.03441566998979106	0.03907942930560797	0.9882895163487554	0.8505898002931425	0.08682694827348257	0.054094410058565176	1.0	0.5233950094061363	0.4811272358505413	0.5608314867293819	0.7596016173743511	0.00023126734505087883	0.00023126734505087883	0.0003469010175763182	0.9422987974098057	0.42700138824618233	0.02093937991670523	0.001156336725254394	1.0	0.01364477335800185	0.1623578076525336	0.21509824198552224	0.2122153209109731	0	0.0	0.0	0	0	0	0	0	0	0	0	0	0	0	0	0	0	0	0	0	0	0	0	0	0	0	0
242	1618	0.03441566998979106	0.03441566998979106	0.03907942930560797	0.9882895163487554	0.8505898002931425	0.08682694827348257	0.054094410058565176	1.0	0.5233950094061363	0.4811272358505413	0.5608314867293819	0.7596016173743511	0.00023126734505087883	0.00023126734505087883	0.0003469010175763182	0.9422987974098057	0.42700138824618233	0.02093937991670523	0.001156336725254394	1.0	0.01364477335800185	0.1623578076525336	0.21509824198552224	0.2122153209109731	181	47.75690607734806	0.004504289000343205	0	0	0	0	0	0	0	0	0	0	0	0	0	0	0	0	0	1	0	0	0	0	0	0
243	1627	0.03441566998979106	0.03441566998979106	0.03907942930560797	0.9882895163487554	0.8505898002931425	0.08682694827348257	0.054094410058565176	1.0	0.5233950094061363	0.4811272358505413	0.5608314867293819	0.7596016173743511	0.00023126734505087883	0.00023126734505087883	0.0003469010175763182	0.9422987974098057	0.42700138824618233	0.02093937991670523	0.001156336725254394	1.0	0.01364477335800185	0.1623578076525336	0.21509824198552224	0.2122153209109731	205	4.712195121951219	3.9625273341749775e-06	0	0	0	0	0	0	0	0	0	0	0	0	0	0	0	0	0	0	0	0	0	0	0	1
244	1641	0.03441566998979106	0.03441566998979106	0.03907942930560797	0.9882895163487554	0.8505898002931425	0.08682694827348257	0.054094410058565176	1.0	0.5233950094061363	0.4811272358505413	0.5608314867293819	0.7596016173743511	0.00023126734505087883	0.00023126734505087883	0.0003469010175763182	0.9422987974098057	0.42700138824618233	0.02093937991670523	0.001156336725254394	1.0	0.01364477335800185	0.1623578076525336	0.21509824198552224	0.2122153209109731	0	0.0	0.0	0	0	0	0	0	0	0	0	0	0	0	0	0	0	0	0	0	0	0	0	0	0	0	0
245	1662	0.0	0.0	0.0	0.9266539186132395	0.8064141291584669	0.0	0.0	1.0000000000000002	0.7401222964498118	0.0	0.8064141291584669	0.8064141291584669	0.006369426751592357	0.006369426751592357	0.006369426751592357	0.732484076433121	0.39490445859872614	0.006369426751592357	0.006369426751592357	1.0	0.31210191082802546	0.006369426751592357	0.39490445859872614	0.39490445859872614	0	0.0	0.0	0	0	0	0	0	0	0	0	0	0	0	0	0	0	0	0	0	0	0	0	0	0	0	0
246	1663	0.0	0.0	0.0	0.9266539186132395	0.8064141291584669	0.0	0.0	1.0000000000000002	0.7401222964498118	0.0	0.8064141291584669	0.8064141291584669	0.006369426751592357	0.006369426751592357	0.006369426751592357	0.732484076433121	0.39490445859872614	0.006369426751592357	0.006369426751592357	1.0	0.31210191082802546	0.006369426751592357	0.39490445859872614	0.39490445859872614	0	0.0	0.0	0	0	0	0	0	0	0	0	0	0	0	0	0	0	0	0	0	0	0	0	0	0	0	0
247	1665	0.0	0.0	0.0	0.9266539186132395	0.8064141291584669	0.0	0.0	1.0000000000000002	0.7401222964498118	0.0	0.8064141291584669	0.8064141291584669	0.006369426751592357	0.006369426751592357	0.006369426751592357	0.732484076433121	0.39490445859872614	0.006369426751592357	0.006369426751592357	1.0	0.31210191082802546	0.006369426751592357	0.39490445859872614	0.39490445859872614	62	2.532258064516129	2.187845340252484e-05	0	0	0	0	0	0	0	0	0	0	0	0	0	0	0	0	0	0	0	0	0	0	0	1
248	1674	0.03441566998979106	0.03441566998979106	0.03907942930560797	0.9882895163487554	0.8505898002931425	0.08682694827348257	0.054094410058565176	1.0	0.5233950094061363	0.4811272358505413	0.5608314867293819	0.7596016173743511	0.00023126734505087883	0.00023126734505087883	0.0003469010175763182	0.9422987974098057	0.42700138824618233	0.02093937991670523	0.001156336725254394	1.0	0.01364477335800185	0.1623578076525336	0.21509824198552224	0.2122153209109731	3	2882.6666666666665	0.15573878839491948	0	0	0	0	0	0	0	0	0	0	0	0	0	0	1	0	0	0	0	0	0	0	0	0
249	1675	0.03441566998979106	0.03441566998979106	0.03907942930560797	0.9882895163487554	0.8505898002931425	0.08682694827348257	0.054094410058565176	1.0	0.5233950094061363	0.4811272358505413	0.5608314867293819	0.7596016173743511	0.00023126734505087883	0.00023126734505087883	0.0003469010175763182	0.9422987974098057	0.42700138824618233	0.02093937991670523	0.001156336725254394	1.0	0.01364477335800185	0.1623578076525336	0.21509824198552224	0.2122153209109731	3	2882.6666666666665	0.15573878839491948	0	0	0	0	0	0	0	0	0	0	0	0	0	0	1	0	0	0	0	0	0	0	0	0
250	1676	0.03441566998979106	0.03441566998979106	0.03907942930560797	0.9882895163487554	0.8505898002931425	0.08682694827348257	0.054094410058565176	1.0	0.5233950094061363	0.4811272358505413	0.5608314867293819	0.7596016173743511	0.00023126734505087883	0.00023126734505087883	0.0003469010175763182	0.9422987974098057	0.42700138824618233	0.02093937991670523	0.001156336725254394	1.0	0.01364477335800185	0.1623578076525336	0.21509824198552224	0.2122153209109731	3	2882.6666666666665	0.15573878839491948	0	0	0	0	0	0	0	0	0	0	0	0	0	0	1	0	0	0	0	0	0	0	0	0
251	1677	0.03441566998979106	0.03441566998979106	0.03907942930560797	0.9882895163487554	0.8505898002931425	0.08682694827348257	0.054094410058565176	1.0	0.5233950094061363	0.4811272358505413	0.5608314867293819	0.7596016173743511	0.00023126734505087883	0.00023126734505087883	0.0003469010175763182	0.9422987974098057	0.42700138824618233	0.02093937991670523	0.001156336725254394	1.0	0.01364477335800185	0.1623578076525336	0.21509824198552224	0.2122153209109731	3	2882.6666666666665	0.15573878839491948	0	0	0	0	0	0	0	0	0	0	0	0	0	0	1	0	0	0	0	0	0	0	0	0
252	1678	0.03441566998979106	0.03441566998979106	0.03907942930560797	0.9882895163487554	0.8505898002931425	0.08682694827348257	0.054094410058565176	1.0	0.5233950094061363	0.4811272358505413	0.5608314867293819	0.7596016173743511	0.00023126734505087883	0.00023126734505087883	0.0003469010175763182	0.9422987974098057	0.42700138824618233	0.02093937991670523	0.001156336725254394	1.0	0.01364477335800185	0.1623578076525336	0.21509824198552224	0.2122153209109731	3	2882.6666666666665	0.15573878839491948	0	0	0	0	0	0	0	0	0	0	0	0	0	0	1	0	0	0	0	0	0	0	0	0
253	1719	0.03441566998979106	0.03441566998979106	0.03907942930560797	0.9882895163487554	0.8505898002931425	0.08682694827348257	0.054094410058565176	1.0	0.5233950094061363	0.4811272358505413	0.5608314867293819	0.7596016173743511	0.00023126734505087883	0.00023126734505087883	0.0003469010175763182	0.9422987974098057	0.42700138824618233	0.02093937991670523	0.001156336725254394	1.0	0.01364477335800185	0.1623578076525336	0.21509824198552224	0.2122153209109731	205	4.712195121951219	3.9625273341749775e-06	0	0	0	0	0	0	0	0	0	0	0	0	0	0	0	0	0	0	0	0	0	0	0	1
254	1564	0.03441566998979106	0.03441566998979106	0.03907942930560797	0.9882895163487554	0.8505898002931425	0.08682694827348257	0.054094410058565176	1.0	0.5233950094061363	0.4811272358505413	0.5608314867293819	0.7596016173743511	0.00023126734505087883	0.00023126734505087883	0.0003469010175763182	0.9422987974098057	0.42700138824618233	0.02093937991670523	0.001156336725254394	1.0	0.01364477335800185	0.1623578076525336	0.21509824198552224	0.2122153209109731	0	0.0	0.0	0	0	0	0	0	0	0	0	0	0	0	0	0	0	0	0	0	0	0	0	0	0	0	0
255	1565	0.03441566998979106	0.03441566998979106	0.03907942930560797	0.9882895163487554	0.8505898002931425	0.08682694827348257	0.054094410058565176	1.0	0.5233950094061363	0.4811272358505413	0.5608314867293819	0.7596016173743511	0.00023126734505087883	0.00023126734505087883	0.0003469010175763182	0.9422987974098057	0.42700138824618233	0.02093937991670523	0.001156336725254394	1.0	0.01364477335800185	0.1623578076525336	0.21509824198552224	0.2122153209109731	181	47.75690607734806	0.004504289000343205	0	0	0	0	0	0	0	0	0	0	0	0	0	0	0	0	0	1	0	0	0	0	0	0
256	1567	0.10021615688476794	0.10021615688476794	0.0	0.9007127564510853	0.4854785599041388	0.4043665815397928	0.10116426644115113	1.0000000000000002	0.6437197312171351	0.4811272358505413	0.5608314867293819	0.7596016173743511	0.002068252326783868	0.002068252326783868	0.001034126163391934	0.56153050672182	0.14891416752843847	0.11168562564632885	0.0031023784901758012	1.0	0.10754912099276112	0.1623578076525336	0.21509824198552224	0.2122153209109731	0	0.0	0.0	0	0	0	0	0	0	0	0	0	0	0	0	0	0	0	0	0	0	0	0	0	0	0	0
257	1568	0.10021615688476794	0.10021615688476794	0.0	0.9007127564510853	0.4854785599041388	0.4043665815397928	0.10116426644115113	1.0000000000000002	0.6437197312171351	0.4811272358505413	0.5608314867293819	0.7596016173743511	0.002068252326783868	0.002068252326783868	0.001034126163391934	0.56153050672182	0.14891416752843847	0.11168562564632885	0.0031023784901758012	1.0	0.10754912099276112	0.1623578076525336	0.21509824198552224	0.2122153209109731	205	4.712195121951219	3.9625273341749775e-06	0	0	0	0	0	0	0	0	0	0	0	0	0	0	0	0	0	0	0	0	0	0	0	1
258	1576	0.0	0.0	0.0	0.0	0.0	0.0	0.0	0.0	0.0	0.0	0.0	0.0	0.0	0.0	0.0	0.0	0.0	0.0	0.0	0.0	0.0	0.0	0.0	0.0	0	0.0	0.0	0	0	0	0	0	0	0	0	0	0	0	0	0	0	0	0	0	0	0	0	0	0	0	0
259	1577	0.03441566998979106	0.03441566998979106	0.03907942930560797	0.9882895163487554	0.8505898002931425	0.08682694827348257	0.054094410058565176	1.0	0.5233950094061363	0.4811272358505413	0.5608314867293819	0.7596016173743511	0.00023126734505087883	0.00023126734505087883	0.0003469010175763182	0.9422987974098057	0.42700138824618233	0.02093937991670523	0.001156336725254394	1.0	0.01364477335800185	0.1623578076525336	0.21509824198552224	0.2122153209109731	0	0.0	0.0	0	0	0	0	0	0	0	0	0	0	0	0	0	0	0	0	0	0	0	0	0	0	0	0
260	1578	0.03441566998979106	0.03441566998979106	0.03907942930560797	0.9882895163487554	0.8505898002931425	0.08682694827348257	0.054094410058565176	1.0	0.5233950094061363	0.4811272358505413	0.5608314867293819	0.7596016173743511	0.00023126734505087883	0.00023126734505087883	0.0003469010175763182	0.9422987974098057	0.42700138824618233	0.02093937991670523	0.001156336725254394	1.0	0.01364477335800185	0.1623578076525336	0.21509824198552224	0.2122153209109731	205	4.712195121951219	3.9625273341749775e-06	0	0	0	0	0	0	0	0	0	0	0	0	0	0	0	0	0	0	0	0	0	0	0	1
261	1579	0.0	0.0	0.2704260414863776	0.8333333333333334	0.0	0.0	0.2704260414863776	1.0	0.5833333333333334	0.3868528072345416	0.3868528072345416	0.3868528072345416	0.125	0.125	0.25	0.75	0.125	0.125	0.25	1.0	0.5	0.3333333333333333	0.3333333333333333	0.3333333333333333	2	3.0	0.0	0	0	0	0	0	0	0	0	0	0	0	0	0	0	0	0	0	0	0	0	0	0	0	1
262	1628	0.03441566998979106	0.03441566998979106	0.03907942930560797	0.9882895163487554	0.8505898002931425	0.08682694827348257	0.054094410058565176	1.0	0.5233950094061363	0.4811272358505413	0.5608314867293819	0.7596016173743511	0.00023126734505087883	0.00023126734505087883	0.0003469010175763182	0.9422987974098057	0.42700138824618233	0.02093937991670523	0.001156336725254394	1.0	0.01364477335800185	0.1623578076525336	0.21509824198552224	0.2122153209109731	7887	4.712195121951219	3.9625273341749775e-06	0	0	0	0	0	0	0	0	0	0	0	0	0	0	1	0	0	0	0	0	0	0	0	1
263	1580	0.03441566998979106	0.03441566998979106	0.03907942930560797	0.9882895163487554	0.8505898002931425	0.08682694827348257	0.054094410058565176	1.0	0.5233950094061363	0.4811272358505413	0.5608314867293819	0.7596016173743511	0.00023126734505087883	0.00023126734505087883	0.0003469010175763182	0.9422987974098057	0.42700138824618233	0.02093937991670523	0.001156336725254394	1.0	0.01364477335800185	0.1623578076525336	0.21509824198552224	0.2122153209109731	0	0.0	0.0	0	0	0	0	0	0	0	0	0	0	0	0	0	0	0	0	0	0	0	0	0	0	0	0
264	1582	0.03441566998979106	0.03441566998979106	0.03907942930560797	0.9882895163487554	0.8505898002931425	0.08682694827348257	0.054094410058565176	1.0	0.5233950094061363	0.4811272358505413	0.5608314867293819	0.7596016173743511	0.00023126734505087883	0.00023126734505087883	0.0003469010175763182	0.9422987974098057	0.42700138824618233	0.02093937991670523	0.001156336725254394	1.0	0.01364477335800185	0.1623578076525336	0.21509824198552224	0.2122153209109731	181	47.75690607734806	0.004504289000343205	0	0	0	0	0	0	0	0	0	0	0	0	0	0	0	0	0	1	0	0	0	0	0	0
265	1583	0.03441566998979106	0.03441566998979106	0.03907942930560797	0.9882895163487554	0.8505898002931425	0.08682694827348257	0.054094410058565176	1.0	0.5233950094061363	0.4811272358505413	0.5608314867293819	0.7596016173743511	0.00023126734505087883	0.00023126734505087883	0.0003469010175763182	0.9422987974098057	0.42700138824618233	0.02093937991670523	0.001156336725254394	1.0	0.01364477335800185	0.1623578076525336	0.21509824198552224	0.2122153209109731	289	30.01388888888889	0.002480116545577138	0	0	0	0	0	0	0	0	0	0	0	0	0	0	1	0	0	1	0	0	0	0	0	0
266	1601	0.021722888398227846	0.021722888398227846	0.0	0.9962830794280566	0.8948894416995267	0.049743011093255116	0.00730725731928505	1.0	0.5307023657857721	-0.0	-0.0	-0.0	0.0002605184316790413	0.0002605184316790413	0.00013025921583952066	0.990491077243715	0.4807867656636707	0.023446658851113716	0.0006512960791976032	1.0	0.015240328253223915				0	0.0	0.0	0	0	0	0	0	0	0	0	0	0	0	0	0	0	0	0	0	0	0	0	0	0	0	0
267	1603	0.021722888398227846	0.021722888398227846	0.0	0.9962830794280566	0.8948894416995267	0.049743011093255116	0.00730725731928505	1.0	0.5307023657857721	-0.0	-0.0	-0.0	0.0002605184316790413	0.0002605184316790413	0.00013025921583952066	0.990491077243715	0.4807867656636707	0.023446658851113716	0.0006512960791976032	1.0	0.015240328253223915				0	0.0	0.0	0	0	0	0	0	0	0	0	0	0	0	0	0	0	0	0	0	0	0	0	0	0	0	0
268	1605	0.021722888398227846	0.021722888398227846	0.0	0.9962830794280566	0.8948894416995267	0.049743011093255116	0.00730725731928505	1.0	0.5307023657857721	-0.0	-0.0	-0.0	0.0002605184316790413	0.0002605184316790413	0.00013025921583952066	0.990491077243715	0.4807867656636707	0.023446658851113716	0.0006512960791976032	1.0	0.015240328253223915				180	42.65	0.004998032419962193	0	0	0	0	0	0	0	0	0	0	0	0	0	0	0	0	0	1	0	0	0	0	0	0
269	1614	0.0	0.0	0.0	0.8844269359006764	0.0	0.8712511805465052	0.11357713051536708	1.0000000000000002	0.7516788309253153	-0.0	-0.0	-0.0	0.002680965147453083	0.002680965147453083	0.002680965147453083	0.8042895442359249	0.002680965147453083	0.47989276139410186	0.010723860589812333	1.0	0.26005361930294907				0	0.0	0.0	0	0	0	0	0	0	0	0	0	0	0	0	0	0	0	0	0	0	0	0	0	0	0	0
270	1617	0.0	0.0	0.0	0.8844269359006764	0.0	0.8712511805465052	0.11357713051536708	1.0000000000000002	0.7516788309253153	-0.0	-0.0	-0.0	0.002680965147453083	0.002680965147453083	0.002680965147453083	0.8042895442359249	0.002680965147453083	0.47989276139410186	0.010723860589812333	1.0	0.26005361930294907				179	2.083798882681564	2.157999533481334e-06	0	0	0	0	0	0	0	0	0	0	0	0	0	0	0	0	0	1	0	0	0	0	0	0
271	1629	0.0036169644759720906	0.0036169644759720906	0.1069693472433867	0.8676014162612538	0.0	0.7540691301820904	0.1595508788410366	1.0000000000000002	0.6843048188794191	0.8255150948630672	0.10379895010720733	0.8250522372428403	0.0024479804161566705	0.0024479804161566705	0.0036719706242350062	0.5593635250917993	0.0012300123001230013	0.22140221402214022	0.011015911872705019	1.0	0.14075887392900857	0.3522727272727273	0.006818181818181818	0.35079726651480636	0	0.0	0.0	0	0	0	0	0	0	0	0	0	0	0	0	0	0	0	0	0	0	0	0	0	0	0	0
272	1630	0.0036169644759720906	0.0036169644759720906	0.1069693472433867	0.8676014162612538	0.0	0.7540691301820904	0.1595508788410366	1.0000000000000002	0.6843048188794191	0.8255150948630672	0.10379895010720733	0.8250522372428403	0.0024479804161566705	0.0024479804161566705	0.0036719706242350062	0.5593635250917993	0.0012300123001230013	0.22140221402214022	0.011015911872705019	1.0	0.14075887392900857	0.3522727272727273	0.006818181818181818	0.35079726651480636	0	0.0	0.0	0	0	0	0	0	0	0	0	0	0	0	0	0	0	0	0	0	0	0	0	0	0	0	0
273	1631	0.0036169644759720906	0.0036169644759720906	0.1069693472433867	0.8676014162612538	0.0	0.7540691301820904	0.1595508788410366	1.0000000000000002	0.6843048188794191	0.8255150948630672	0.10379895010720733	0.8250522372428403	0.0024479804161566705	0.0024479804161566705	0.0036719706242350062	0.5593635250917993	0.0012300123001230013	0.22140221402214022	0.011015911872705019	1.0	0.14075887392900857	0.3522727272727273	0.006818181818181818	0.35079726651480636	180	4.516666666666667	8.345911667398761e-06	0	0	0	0	0	0	0	0	0	0	0	0	0	0	0	0	0	1	0	0	0	0	0	0
274	1634	0.03441566998979106	0.03441566998979106	0.03907942930560797	0.9882895163487554	0.8505898002931425	0.08682694827348257	0.054094410058565176	1.0	0.5233950094061363	0.4811272358505413	0.5608314867293819	0.7596016173743511	0.00023126734505087883	0.00023126734505087883	0.0003469010175763182	0.9422987974098057	0.42700138824618233	0.02093937991670523	0.001156336725254394	1.0	0.01364477335800185	0.1623578076525336	0.21509824198552224	0.2122153209109731	205	4.712195121951219	3.9625273341749775e-06	0	0	0	0	0	0	0	0	0	0	0	0	0	0	0	0	0	0	0	0	0	0	0	1
275	1585	0.03441566998979106	0.03441566998979106	0.03907942930560797	0.9882895163487554	0.8505898002931425	0.08682694827348257	0.054094410058565176	1.0	0.5233950094061363	0.4811272358505413	0.5608314867293819	0.7596016173743511	0.00023126734505087883	0.00023126734505087883	0.0003469010175763182	0.9422987974098057	0.42700138824618233	0.02093937991670523	0.001156336725254394	1.0	0.01364477335800185	0.1623578076525336	0.21509824198552224	0.2122153209109731	0	0.0	0.0	0	0	0	0	0	0	0	0	0	0	0	0	0	0	0	0	0	0	0	0	0	0	0	0
276	1587	0.03441566998979106	0.03441566998979106	0.03907942930560797	0.9882895163487554	0.8505898002931425	0.08682694827348257	0.054094410058565176	1.0	0.5233950094061363	0.4811272358505413	0.5608314867293819	0.7596016173743511	0.00023126734505087883	0.00023126734505087883	0.0003469010175763182	0.9422987974098057	0.42700138824618233	0.02093937991670523	0.001156336725254394	1.0	0.01364477335800185	0.1623578076525336	0.21509824198552224	0.2122153209109731	181	47.75690607734806	0.004504289000343205	0	0	0	0	0	0	0	0	0	0	0	0	0	0	0	0	0	1	0	0	0	0	0	0
277	1598	0.03441566998979106	0.03441566998979106	0.03907942930560797	0.9882895163487554	0.8505898002931425	0.08682694827348257	0.054094410058565176	1.0	0.5233950094061363	0.4811272358505413	0.5608314867293819	0.7596016173743511	0.00023126734505087883	0.00023126734505087883	0.0003469010175763182	0.9422987974098057	0.42700138824618233	0.02093937991670523	0.001156336725254394	1.0	0.01364477335800185	0.1623578076525336	0.21509824198552224	0.2122153209109731	3691	2.341912760769439	2.392073788688466e-06	0	0	0	0	0	0	0	0	0	0	0	0	0	0	0	0	1	0	0	0	0	0	0	0
278	1607	0.0036169644759720906	0.0036169644759720906	0.1069693472433867	0.8676014162612538	0.0	0.7540691301820904	0.1595508788410366	1.0000000000000002	0.6843048188794191	0.8255150948630672	0.10379895010720733	0.8250522372428403	0.0024479804161566705	0.0024479804161566705	0.0036719706242350062	0.5593635250917993	0.0012300123001230013	0.22140221402214022	0.011015911872705019	1.0	0.14075887392900857	0.3522727272727273	0.006818181818181818	0.35079726651480636	1	813.0	0.0	0	0	0	0	0	0	0	0	0	0	0	0	0	0	0	0	1	0	0	0	0	0	0	0
279	1623	0.10024380026055346	0.10024380026055346	0.0	0.9005950128102872	0.4859355928933598	0.40366022647580285	0.10009834711490542	1.0000000000000002	0.643297222398364	0.4805119103950438	0.560310681660896	0.7596016173743511	0.002070393374741201	0.002070393374741201	0.0010351966873706005	0.5610766045548654	0.14906832298136646	0.11076604554865424	0.002070393374741201	1.0	0.10662525879917184	0.16149068322981366	0.21428571428571427	0.2122153209109731	0	0.0	0.0	0	0	0	0	0	0	0	0	0	0	0	0	0	0	0	0	0	0	0	0	0	0	0	0
280	1625	0.10024380026055346	0.10024380026055346	0.0	0.9005950128102872	0.4859355928933598	0.40366022647580285	0.10009834711490542	1.0000000000000002	0.643297222398364	0.4805119103950438	0.560310681660896	0.7596016173743511	0.002070393374741201	0.002070393374741201	0.0010351966873706005	0.5610766045548654	0.14906832298136646	0.11076604554865424	0.002070393374741201	1.0	0.10662525879917184	0.16149068322981366	0.21428571428571427	0.2122153209109731	205	4.712195121951219	3.9625273341749775e-06	0	0	0	0	0	0	0	0	0	0	0	0	0	0	0	0	0	0	0	0	0	0	0	1
281	1633	0.10024380026055346	0.10024380026055346	0.0	0.9005950128102872	0.4859355928933598	0.40366022647580285	0.10009834711490542	1.0000000000000002	0.643297222398364	0.4805119103950438	0.560310681660896	0.7596016173743511	0.002070393374741201	0.002070393374741201	0.0010351966873706005	0.5610766045548654	0.14906832298136646	0.11076604554865424	0.002070393374741201	1.0	0.10662525879917184	0.16149068322981366	0.21428571428571427	0.2122153209109731	205	4.712195121951219	3.9625273341749775e-06	0	0	0	0	0	0	0	0	0	0	0	0	0	0	0	0	0	0	0	0	0	0	0	1
282	1588	0.03441566998979106	0.03441566998979106	0.03907942930560797	0.9882895163487554	0.8505898002931425	0.08682694827348257	0.054094410058565176	1.0	0.5233950094061363	0.4811272358505413	0.5608314867293819	0.7596016173743511	0.00023126734505087883	0.00023126734505087883	0.0003469010175763182	0.9422987974098057	0.42700138824618233	0.02093937991670523	0.001156336725254394	1.0	0.01364477335800185	0.1623578076525336	0.21509824198552224	0.2122153209109731	0	0.0	0.0	0	0	0	0	0	0	0	0	0	0	0	0	0	0	0	0	0	0	0	0	0	0	0	0
283	1620	0.03441566998979106	0.03441566998979106	0.03907942930560797	0.9882895163487554	0.8505898002931425	0.08682694827348257	0.054094410058565176	1.0	0.5233950094061363	0.4811272358505413	0.5608314867293819	0.7596016173743511	0.00023126734505087883	0.00023126734505087883	0.0003469010175763182	0.9422987974098057	0.42700138824618233	0.02093937991670523	0.001156336725254394	1.0	0.01364477335800185	0.1623578076525336	0.21509824198552224	0.2122153209109731	181	47.75690607734806	0.004504289000343205	0	0	0	0	0	0	0	0	0	0	0	0	0	0	0	0	0	1	0	0	0	0	0	0
284	1622	0.03441566998979106	0.03441566998979106	0.03907942930560797	0.9882895163487554	0.8505898002931425	0.08682694827348257	0.054094410058565176	1.0	0.5233950094061363	0.4811272358505413	0.5608314867293819	0.7596016173743511	0.00023126734505087883	0.00023126734505087883	0.0003469010175763182	0.9422987974098057	0.42700138824618233	0.02093937991670523	0.001156336725254394	1.0	0.01364477335800185	0.1623578076525336	0.21509824198552224	0.2122153209109731	289	30.01388888888889	0.002480116545577138	0	0	0	0	0	0	0	0	0	0	0	0	0	0	1	0	0	1	0	0	0	0	0	0
285	1637	0.018418314052327824	0.018418314052327824	0.0	1.0	0.9014264227821083	0.04026003250742924	0.00014630272880721131	1.0	0.5313114368426202	-0.0	-0.0	-0.0	0.0002631578947368421	0.0002631578947368421	0.00013157894736842105	1.0	0.4856578947368421	0.02	0.0002631578947368421	1.0	0.015394736842105263				152	50.0	0.0060332457810905	0	0	0	0	0	0	0	0	0	0	0	0	0	0	1	0	0	1	0	0	0	0	0	0
286	1658	0.018418314052327824	0.018418314052327824	0.0	1.0	0.9014264227821083	0.04026003250742924	0.00014630272880721131	1.0	0.5313114368426202	-0.0	-0.0	-0.0	0.0002631578947368421	0.0002631578947368421	0.00013157894736842105	1.0	0.4856578947368421	0.02	0.0002631578947368421	1.0	0.015394736842105263				152	50.0	0.0060332457810905	0	0	0	0	0	0	0	0	0	0	0	0	0	0	1	0	0	1	0	0	0	0	0	0
287	1624	0.03441566998979106	0.03441566998979106	0.03907942930560797	0.9882895163487554	0.8505898002931425	0.08682694827348257	0.054094410058565176	1.0	0.5233950094061363	0.4811272358505413	0.5608314867293819	0.7596016173743511	0.00023126734505087883	0.00023126734505087883	0.0003469010175763182	0.9422987974098057	0.42700138824618233	0.02093937991670523	0.001156336725254394	1.0	0.01364477335800185	0.1623578076525336	0.21509824198552224	0.2122153209109731	0	0.0	0.0	0	0	0	0	0	0	0	0	0	0	0	0	0	0	0	0	0	0	0	0	0	0	0	0
288	1626	0.03441566998979106	0.03441566998979106	0.03907942930560797	0.9882895163487554	0.8505898002931425	0.08682694827348257	0.054094410058565176	1.0	0.5233950094061363	0.4811272358505413	0.5608314867293819	0.7596016173743511	0.00023126734505087883	0.00023126734505087883	0.0003469010175763182	0.9422987974098057	0.42700138824618233	0.02093937991670523	0.001156336725254394	1.0	0.01364477335800185	0.1623578076525336	0.21509824198552224	0.2122153209109731	181	47.75690607734806	0.004504289000343205	0	0	0	0	0	0	0	0	0	0	0	0	0	0	0	0	0	1	0	0	0	0	0	0
289	1632	0.10024380026055346	0.10024380026055346	0.0	0.9005950128102872	0.4859355928933598	0.40366022647580285	0.10009834711490542	1.0000000000000002	0.643297222398364	0.4805119103950438	0.560310681660896	0.7596016173743511	0.002070393374741201	0.002070393374741201	0.0010351966873706005	0.5610766045548654	0.14906832298136646	0.11076604554865424	0.002070393374741201	1.0	0.10662525879917184	0.16149068322981366	0.21428571428571427	0.2122153209109731	0	0.0	0.0	0	0	0	0	0	0	0	0	0	0	0	0	0	0	0	0	0	0	0	0	0	0	0	0
290	1635	0.10024380026055346	0.10024380026055346	0.0	0.9005950128102872	0.4859355928933598	0.40366022647580285	0.10009834711490542	1.0000000000000002	0.643297222398364	0.4805119103950438	0.560310681660896	0.7596016173743511	0.002070393374741201	0.002070393374741201	0.0010351966873706005	0.5610766045548654	0.14906832298136646	0.11076604554865424	0.002070393374741201	1.0	0.10662525879917184	0.16149068322981366	0.21428571428571427	0.2122153209109731	205	4.712195121951219	3.9625273341749775e-06	0	0	0	0	0	0	0	0	0	0	0	0	0	0	0	0	0	0	0	0	0	0	0	1
291	1667	0.03441566998979106	0.03441566998979106	0.03907942930560797	0.9882895163487554	0.8505898002931425	0.08682694827348257	0.054094410058565176	1.0	0.5233950094061363	0.4811272358505413	0.5608314867293819	0.7596016173743511	0.00023126734505087883	0.00023126734505087883	0.0003469010175763182	0.9422987974098057	0.42700138824618233	0.02093937991670523	0.001156336725254394	1.0	0.01364477335800185	0.1623578076525336	0.21509824198552224	0.2122153209109731	0	0.0	0.0	0	0	0	0	0	0	0	0	0	0	0	0	0	0	0	0	0	0	0	0	0	0	0	0
292	1669	0.0	0.0	0.0	1.0000000000000002	0.0	0.8806583476274286	0.0	1.0000000000000002	0.7633976381849589	-0.0	-0.0	-0.0	0.0033783783783783786	0.0033783783783783786	0.0033783783783783786	1.0	0.0033783783783783786	0.5101351351351351	0.0033783783783783786	1.0	0.2972972972972973				0	0.0	0.0	0	0	0	0	0	0	0	0	0	0	0	0	0	0	0	0	0	0	0	0	0	0	0	0
293	1673	0.10024380026055346	0.10024380026055346	0.0	0.9005950128102872	0.4859355928933598	0.40366022647580285	0.10009834711490542	1.0000000000000002	0.643297222398364	0.4805119103950438	0.560310681660896	0.7596016173743511	0.002070393374741201	0.002070393374741201	0.0010351966873706005	0.5610766045548654	0.14906832298136646	0.11076604554865424	0.002070393374741201	1.0	0.10662525879917184	0.16149068322981366	0.21428571428571427	0.2122153209109731	0	0.0	0.0	0	0	0	0	0	0	0	0	0	0	0	0	0	0	0	0	0	0	0	0	0	0	0	0
294	1680	0.10024380026055346	0.10024380026055346	0.0	0.9005950128102872	0.4859355928933598	0.40366022647580285	0.10009834711490542	1.0000000000000002	0.643297222398364	0.4805119103950438	0.560310681660896	0.7596016173743511	0.002070393374741201	0.002070393374741201	0.0010351966873706005	0.5610766045548654	0.14906832298136646	0.11076604554865424	0.002070393374741201	1.0	0.10662525879917184	0.16149068322981366	0.21428571428571427	0.2122153209109731	205	4.712195121951219	3.9625273341749775e-06	0	0	0	0	0	0	0	0	0	0	0	0	0	0	0	0	0	0	0	0	0	0	0	1
295	1679	0.11719457793754988	0.11719457793754988	0.17832303691903587	0.614791122159637	0.11731081881026093	0.12027350080880579	0.3673535700662918	0.9993192982471565	0.4655851546461917	0.24959835727489257	0.25044151472736087	0.13574850065631686	0.005747126436781609	0.005747126436781609	0.017241379310344827	0.5517241379310345	0.005747126436781609	0.008620689655172414	0.1206896551724138	0.9971264367816092	0.05172413793103448	0.02586206896551724	0.028735632183908046	0.01440922190201729	0	0.0	0.0	0	0	0	0	0	0	0	0	0	0	0	0	0	0	0	0	0	0	0	0	0	0	0	0
296	1682	0.11719457793754988	0.11719457793754988	0.17832303691903587	0.614791122159637	0.11731081881026093	0.12027350080880579	0.3673535700662918	0.9993192982471565	0.4655851546461917	0.24959835727489257	0.25044151472736087	0.13574850065631686	0.005747126436781609	0.005747126436781609	0.017241379310344827	0.5517241379310345	0.005747126436781609	0.008620689655172414	0.1206896551724138	0.9971264367816092	0.05172413793103448	0.02586206896551724	0.028735632183908046	0.01440922190201729	6	58.0	0.04077762364028714	0	0	0	0	0	0	0	0	0	0	0	0	0	0	1	0	0	0	0	0	0	0	0	0
297	1721	0.11730421850192249	0.11730421850192249	0.17853815951666996	0.6134909522699301	0.11730421850192249	0.11730421850192249	0.36521824067398384	0.9999999999999999	0.4637813797840003	0.2481737812995093	0.24791157985516996	0.13574850065631686	0.005763688760806916	0.005763688760806916	0.01729106628242075	0.5504322766570605	0.005763688760806916	0.005763688760806916	0.11815561959654179	1.0	0.04899135446685879	0.025936599423631124	0.025936599423631124	0.01440922190201729	0	0.0	0.0	0	0	0	0	0	0	0	0	0	0	0	0	0	0	0	0	0	0	0	0	0	0	0	0
298	1723	0.11730421850192249	0.11730421850192249	0.17853815951666996	0.6134909522699301	0.11730421850192249	0.11730421850192249	0.36521824067398384	0.9999999999999999	0.4637813797840003	0.2481737812995093	0.24791157985516996	0.13574850065631686	0.005763688760806916	0.005763688760806916	0.01729106628242075	0.5504322766570605	0.005763688760806916	0.005763688760806916	0.11815561959654179	1.0	0.04899135446685879	0.025936599423631124	0.025936599423631124	0.01440922190201729	5	69.4	0.08509197817438896	0	0	0	0	0	0	0	0	0	0	0	0	0	0	0	0	0	0	0	0	0	0	0	1
299	1690	0.11719457793754988	0.11719457793754988	0.17832303691903587	0.614791122159637	0.11731081881026093	0.12027350080880579	0.3673535700662918	0.9993192982471565	0.4655851546461917	0.24959835727489257	0.25044151472736087	0.13574850065631686	0.005747126436781609	0.005747126436781609	0.017241379310344827	0.5517241379310345	0.005747126436781609	0.008620689655172414	0.1206896551724138	0.9971264367816092	0.05172413793103448	0.02586206896551724	0.028735632183908046	0.01440922190201729	0	0.0	0.0	0	0	0	0	0	0	0	0	0	0	0	0	0	0	0	0	0	0	0	0	0	0	0	0
300	1701	0.11761236379464901	0.11761236379464901	0.1798175470212839	0.6055138748228203	0.11761236379464901	0.11761236379464901	0.3646188500854412	1.0000000000000002	0.462927963239865	0.23995516865680228	0.23995516865680228	0.12331729669640883	0.005865102639296188	0.005865102639296188	0.017595307917888565	0.5425219941348973	0.005865102639296188	0.005865102639296188	0.12023460410557185	1.0	0.04985337243401759	0.02346041055718475	0.02346041055718475	0.011730205278592375	0	0.0	0.0	0	0	0	0	0	0	0	0	0	0	0	0	0	0	0	0	0	0	0	0	0	0	0	0
301	1702	0.11761236379464901	0.11761236379464901	0.1798175470212839	0.6055138748228203	0.11761236379464901	0.11761236379464901	0.3646188500854412	1.0000000000000002	0.462927963239865	0.23995516865680228	0.23995516865680228	0.12331729669640883	0.005865102639296188	0.005865102639296188	0.017595307917888565	0.5425219941348973	0.005865102639296188	0.005865102639296188	0.12023460410557185	1.0	0.04985337243401759	0.02346041055718475	0.02346041055718475	0.011730205278592375	4	85.25	0.09933856347984624	0	0	0	0	0	0	0	0	0	0	0	0	0	0	0	0	0	0	0	0	0	0	0	1
302	1748	0.11761236379464901	0.11761236379464901	0.1798175470212839	0.6055138748228203	0.11761236379464901	0.11761236379464901	0.3646188500854412	1.0000000000000002	0.462927963239865	0.23995516865680228	0.23995516865680228	0.12331729669640883	0.005865102639296188	0.005865102639296188	0.017595307917888565	0.5425219941348973	0.005865102639296188	0.005865102639296188	0.12023460410557185	1.0	0.04985337243401759	0.02346041055718475	0.02346041055718475	0.011730205278592375	4	85.25	0.09933856347984624	0	0	0	0	0	0	0	0	0	0	0	0	0	0	0	0	0	0	0	0	0	0	0	1
303	1689	0.11719457793754988	0.11719457793754988	0.17832303691903587	0.614791122159637	0.11731081881026093	0.12027350080880579	0.3673535700662918	0.9993192982471565	0.4655851546461917	0.24959835727489257	0.25044151472736087	0.13574850065631686	0.005747126436781609	0.005747126436781609	0.017241379310344827	0.5517241379310345	0.005747126436781609	0.008620689655172414	0.1206896551724138	0.9971264367816092	0.05172413793103448	0.02586206896551724	0.028735632183908046	0.01440922190201729	0	0.0	0.0	0	0	0	0	0	0	0	0	0	0	0	0	0	0	0	0	0	0	0	0	0	0	0	0
304	1697	0.11719457793754988	0.11719457793754988	0.17832303691903587	0.614791122159637	0.11731081881026093	0.12027350080880579	0.3673535700662918	0.9993192982471565	0.4655851546461917	0.24959835727489257	0.25044151472736087	0.13574850065631686	0.005747126436781609	0.005747126436781609	0.017241379310344827	0.5517241379310345	0.005747126436781609	0.008620689655172414	0.1206896551724138	0.9971264367816092	0.05172413793103448	0.02586206896551724	0.028735632183908046	0.01440922190201729	3	116.0	0.05691526841943013	0	0	0	0	0	0	0	0	0	0	0	0	0	0	0	0	0	1	0	0	0	0	0	0
305	1706	0.30102999566398114	0.30102999566398114	0.0	0.9999999999999998	0.30102999566398114	0.30102999566398114	0.9999999999999998	0.9999999999999998	0.2652949955741215	0.30102999566398114	0.30102999566398114	0.0	0.2	0.2	0.1	1.0	0.2	0.2	1.0	1.0	0.2	0.2	0.2	0.1	0	0.0	0.0	0	0	0	0	0	0	0	0	0	0	0	0	0	0	0	0	0	0	0	0	0	0	0	0
306	1720	0.11719457793754988	0.11719457793754988	0.17832303691903587	0.614791122159637	0.11731081881026093	0.12027350080880579	0.3673535700662918	0.9993192982471565	0.4655851546461917	0.24959835727489257	0.25044151472736087	0.13574850065631686	0.005747126436781609	0.005747126436781609	0.017241379310344827	0.5517241379310345	0.005747126436781609	0.008620689655172414	0.1206896551724138	0.9971264367816092	0.05172413793103448	0.02586206896551724	0.028735632183908046	0.01440922190201729	6	58.0	0.04077762364028714	0	0	0	0	0	0	0	0	0	0	0	0	0	0	1	0	0	0	0	0	0	0	0	0
307	1722	0.11719457793754988	0.11719457793754988	0.17832303691903587	0.614791122159637	0.11731081881026093	0.12027350080880579	0.3673535700662918	0.9993192982471565	0.4655851546461917	0.24959835727489257	0.25044151472736087	0.13574850065631686	0.005747126436781609	0.005747126436781609	0.017241379310344827	0.5517241379310345	0.005747126436781609	0.008620689655172414	0.1206896551724138	0.9971264367816092	0.05172413793103448	0.02586206896551724	0.028735632183908046	0.01440922190201729	12	31.545454545454547	0.02070573648808136	0	0	0	0	0	0	0	0	0	0	0	0	0	0	1	0	0	0	0	0	0	0	0	1
308	1735	0.11719457793754988	0.11719457793754988	0.17832303691903587	0.614791122159637	0.11731081881026093	0.12027350080880579	0.3673535700662918	0.9993192982471565	0.4655851546461917	0.24959835727489257	0.25044151472736087	0.13574850065631686	0.005747126436781609	0.005747126436781609	0.017241379310344827	0.5517241379310345	0.005747126436781609	0.008620689655172414	0.1206896551724138	0.9971264367816092	0.05172413793103448	0.02586206896551724	0.028735632183908046	0.01440922190201729	0	0.0	0.0	0	0	0	0	0	0	0	0	0	0	0	0	0	0	0	0	0	0	0	0	0	0	0	0
309	1738	0.11719457793754988	0.11719457793754988	0.17832303691903587	0.614791122159637	0.11731081881026093	0.12027350080880579	0.3673535700662918	0.9993192982471565	0.4655851546461917	0.24959835727489257	0.25044151472736087	0.13574850065631686	0.005747126436781609	0.005747126436781609	0.017241379310344827	0.5517241379310345	0.005747126436781609	0.008620689655172414	0.1206896551724138	0.9971264367816092	0.05172413793103448	0.02586206896551724	0.028735632183908046	0.01440922190201729	0	0.0	0.0	0	0	0	0	0	0	0	0	0	0	0	0	0	0	0	0	0	0	0	0	0	0	0	0
310	1740	0.11719457793754988	0.11719457793754988	0.17832303691903587	0.614791122159637	0.11731081881026093	0.12027350080880579	0.3673535700662918	0.9993192982471565	0.4655851546461917	0.24959835727489257	0.25044151472736087	0.13574850065631686	0.005747126436781609	0.005747126436781609	0.017241379310344827	0.5517241379310345	0.005747126436781609	0.008620689655172414	0.1206896551724138	0.9971264367816092	0.05172413793103448	0.02586206896551724	0.028735632183908046	0.01440922190201729	6	58.0	0.04077762364028714	0	0	0	0	0	0	0	0	0	0	0	0	0	0	1	0	0	0	0	0	0	0	0	0
311	1745	0.11719457793754988	0.11719457793754988	0.17832303691903587	0.614791122159637	0.11731081881026093	0.12027350080880579	0.3673535700662918	0.9993192982471565	0.4655851546461917	0.24959835727489257	0.25044151472736087	0.13574850065631686	0.005747126436781609	0.005747126436781609	0.017241379310344827	0.5517241379310345	0.005747126436781609	0.008620689655172414	0.1206896551724138	0.9971264367816092	0.05172413793103448	0.02586206896551724	0.028735632183908046	0.01440922190201729	12	31.545454545454547	0.02070573648808136	0	0	0	0	0	0	0	0	0	0	0	0	0	0	1	0	0	0	0	0	0	0	0	1
312	1762	0.11719457793754988	0.11719457793754988	0.17832303691903587	0.614791122159637	0.11731081881026093	0.12027350080880579	0.3673535700662918	0.9993192982471565	0.4655851546461917	0.24959835727489257	0.25044151472736087	0.13574850065631686	0.005747126436781609	0.005747126436781609	0.017241379310344827	0.5517241379310345	0.005747126436781609	0.008620689655172414	0.1206896551724138	0.9971264367816092	0.05172413793103448	0.02586206896551724	0.028735632183908046	0.01440922190201729	0	0.0	0.0	0	0	0	0	0	0	0	0	0	0	0	0	0	0	0	0	0	0	0	0	0	0	0	0
313	1765	0.11719457793754988	0.11719457793754988	0.17832303691903587	0.614791122159637	0.11731081881026093	0.12027350080880579	0.3673535700662918	0.9993192982471565	0.4655851546461917	0.24959835727489257	0.25044151472736087	0.13574850065631686	0.005747126436781609	0.005747126436781609	0.017241379310344827	0.5517241379310345	0.005747126436781609	0.008620689655172414	0.1206896551724138	0.9971264367816092	0.05172413793103448	0.02586206896551724	0.028735632183908046	0.01440922190201729	5	69.4	0.08509197817438896	0	0	0	0	0	0	0	0	0	0	0	0	0	0	0	0	0	0	0	0	0	0	0	1
314	1784	0.11719457793754988	0.11719457793754988	0.17832303691903587	0.614791122159637	0.11731081881026093	0.12027350080880579	0.3673535700662918	0.9993192982471565	0.4655851546461917	0.24959835727489257	0.25044151472736087	0.13574850065631686	0.005747126436781609	0.005747126436781609	0.017241379310344827	0.5517241379310345	0.005747126436781609	0.008620689655172414	0.1206896551724138	0.9971264367816092	0.05172413793103448	0.02586206896551724	0.028735632183908046	0.01440922190201729	12	31.545454545454547	0.02070573648808136	0	0	0	0	0	0	0	0	0	0	0	0	0	0	1	0	0	0	0	0	0	0	0	1
315	1763	0.11719457793754988	0.11719457793754988	0.17832303691903587	0.614791122159637	0.11731081881026093	0.12027350080880579	0.3673535700662918	0.9993192982471565	0.4655851546461917	0.24959835727489257	0.25044151472736087	0.13574850065631686	0.005747126436781609	0.005747126436781609	0.017241379310344827	0.5517241379310345	0.005747126436781609	0.008620689655172414	0.1206896551724138	0.9971264367816092	0.05172413793103448	0.02586206896551724	0.028735632183908046	0.01440922190201729	0	0.0	0.0	0	0	0	0	0	0	0	0	0	0	0	0	0	0	0	0	0	0	0	0	0	0	0	0
316	1766	0.11719457793754988	0.11719457793754988	0.17832303691903587	0.614791122159637	0.11731081881026093	0.12027350080880579	0.3673535700662918	0.9993192982471565	0.4655851546461917	0.24959835727489257	0.25044151472736087	0.13574850065631686	0.005747126436781609	0.005747126436781609	0.017241379310344827	0.5517241379310345	0.005747126436781609	0.008620689655172414	0.1206896551724138	0.9971264367816092	0.05172413793103448	0.02586206896551724	0.028735632183908046	0.01440922190201729	3	116.0	0.05691526841943013	0	0	0	0	0	0	0	0	0	0	0	0	0	0	0	0	0	1	0	0	0	0	0	0
317	1767	0.11719457793754988	0.11719457793754988	0.17832303691903587	0.614791122159637	0.11731081881026093	0.12027350080880579	0.3673535700662918	0.9993192982471565	0.4655851546461917	0.24959835727489257	0.25044151472736087	0.13574850065631686	0.005747126436781609	0.005747126436781609	0.017241379310344827	0.5517241379310345	0.005747126436781609	0.008620689655172414	0.1206896551724138	0.9971264367816092	0.05172413793103448	0.02586206896551724	0.028735632183908046	0.01440922190201729	5	69.4	0.08509197817438896	0	0	0	0	0	0	0	0	0	0	0	0	0	0	0	0	0	0	0	0	0	0	0	1
318	1764	0.11719457793754988	0.11719457793754988	0.17832303691903587	0.614791122159637	0.11731081881026093	0.12027350080880579	0.3673535700662918	0.9993192982471565	0.4655851546461917	0.24959835727489257	0.25044151472736087	0.13574850065631686	0.005747126436781609	0.005747126436781609	0.017241379310344827	0.5517241379310345	0.005747126436781609	0.008620689655172414	0.1206896551724138	0.9971264367816092	0.05172413793103448	0.02586206896551724	0.028735632183908046	0.01440922190201729	0	0.0	0.0	0	0	0	0	0	0	0	0	0	0	0	0	0	0	0	0	0	0	0	0	0	0	0	0
319	1772	0.11719457793754988	0.11719457793754988	0.17832303691903587	0.614791122159637	0.11731081881026093	0.12027350080880579	0.3673535700662918	0.9993192982471565	0.4655851546461917	0.24959835727489257	0.25044151472736087	0.13574850065631686	0.005747126436781609	0.005747126436781609	0.017241379310344827	0.5517241379310345	0.005747126436781609	0.008620689655172414	0.1206896551724138	0.9971264367816092	0.05172413793103448	0.02586206896551724	0.028735632183908046	0.01440922190201729	5	69.4	0.08509197817438896	0	0	0	0	0	0	0	0	0	0	0	0	0	0	0	0	0	0	0	0	0	0	0	1
320	1773	0.11719457793754988	0.11719457793754988	0.17832303691903587	0.614791122159637	0.11731081881026093	0.12027350080880579	0.3673535700662918	0.9993192982471565	0.4655851546461917	0.24959835727489257	0.25044151472736087	0.13574850065631686	0.005747126436781609	0.005747126436781609	0.017241379310344827	0.5517241379310345	0.005747126436781609	0.008620689655172414	0.1206896551724138	0.9971264367816092	0.05172413793103448	0.02586206896551724	0.028735632183908046	0.01440922190201729	11	34.7	0.02219775930370653	0	0	0	0	0	0	0	0	0	0	0	0	0	0	0	0	0	1	0	0	0	0	0	1
321	1776	0.11719457793754988	0.11719457793754988	0.17832303691903587	0.614791122159637	0.11731081881026093	0.12027350080880579	0.3673535700662918	0.9993192982471565	0.4655851546461917	0.24959835727489257	0.25044151472736087	0.13574850065631686	0.005747126436781609	0.005747126436781609	0.017241379310344827	0.5517241379310345	0.005747126436781609	0.008620689655172414	0.1206896551724138	0.9971264367816092	0.05172413793103448	0.02586206896551724	0.028735632183908046	0.01440922190201729	22	16.523809523809526	0.01238447137721397	0	0	0	0	0	0	0	0	0	0	0	0	0	0	1	0	0	1	0	0	0	0	0	1
322	1771	0.11719457793754988	0.11719457793754988	0.17832303691903587	0.614791122159637	0.11731081881026093	0.12027350080880579	0.3673535700662918	0.9993192982471565	0.4655851546461917	0.24959835727489257	0.25044151472736087	0.13574850065631686	0.005747126436781609	0.005747126436781609	0.017241379310344827	0.5517241379310345	0.005747126436781609	0.008620689655172414	0.1206896551724138	0.9971264367816092	0.05172413793103448	0.02586206896551724	0.028735632183908046	0.01440922190201729	0	0.0	0.0	0	0	0	0	0	0	0	0	0	0	0	0	0	0	0	0	0	0	0	0	0	0	0	0
323	1774	0.11719457793754988	0.11719457793754988	0.17832303691903587	0.614791122159637	0.11731081881026093	0.12027350080880579	0.3673535700662918	0.9993192982471565	0.4655851546461917	0.24959835727489257	0.25044151472736087	0.13574850065631686	0.005747126436781609	0.005747126436781609	0.017241379310344827	0.5517241379310345	0.005747126436781609	0.008620689655172414	0.1206896551724138	0.9971264367816092	0.05172413793103448	0.02586206896551724	0.028735632183908046	0.01440922190201729	3	116.0	0.05691526841943013	0	0	0	0	0	0	0	0	0	0	0	0	0	0	0	0	0	1	0	0	0	0	0	0
324	1777	0.11730421850192249	0.11730421850192249	0.17853815951666996	0.6134909522699301	0.11730421850192249	0.11730421850192249	0.36521824067398384	0.9999999999999999	0.4637813797840003	0.2481737812995093	0.24791157985516996	0.13574850065631686	0.005763688760806916	0.005763688760806916	0.01729106628242075	0.5504322766570605	0.005763688760806916	0.005763688760806916	0.11815561959654179	1.0	0.04899135446685879	0.025936599423631124	0.025936599423631124	0.01440922190201729	0	0.0	0.0	0	0	0	0	0	0	0	0	0	0	0	0	0	0	0	0	0	0	0	0	0	0	0	0
325	1779	0.11730421850192249	0.11730421850192249	0.17853815951666996	0.6134909522699301	0.11730421850192249	0.11730421850192249	0.36521824067398384	0.9999999999999999	0.4637813797840003	0.2481737812995093	0.24791157985516996	0.13574850065631686	0.005763688760806916	0.005763688760806916	0.01729106628242075	0.5504322766570605	0.005763688760806916	0.005763688760806916	0.11815561959654179	1.0	0.04899135446685879	0.025936599423631124	0.025936599423631124	0.01440922190201729	5	69.4	0.08509197817438896	0	0	0	0	0	0	0	0	0	0	0	0	0	0	0	0	0	0	0	0	0	0	0	1
326	1782	0.11730421850192249	0.11730421850192249	0.17853815951666996	0.6134909522699301	0.11730421850192249	0.11730421850192249	0.36521824067398384	0.9999999999999999	0.4637813797840003	0.2481737812995093	0.24791157985516996	0.13574850065631686	0.005763688760806916	0.005763688760806916	0.01729106628242075	0.5504322766570605	0.005763688760806916	0.005763688760806916	0.11815561959654179	1.0	0.04899135446685879	0.025936599423631124	0.025936599423631124	0.01440922190201729	11	31.545454545454547	0.02070573648808136	0	0	0	0	0	0	0	0	0	0	0	0	0	0	1	0	0	0	0	0	0	0	0	1
327	1785	0.11719457793754988	0.11719457793754988	0.17832303691903587	0.614791122159637	0.11731081881026093	0.12027350080880579	0.3673535700662918	0.9993192982471565	0.4655851546461917	0.24959835727489257	0.25044151472736087	0.13574850065631686	0.005747126436781609	0.005747126436781609	0.017241379310344827	0.5517241379310345	0.005747126436781609	0.008620689655172414	0.1206896551724138	0.9971264367816092	0.05172413793103448	0.02586206896551724	0.028735632183908046	0.01440922190201729	0	0.0	0.0	0	0	0	0	0	0	0	0	0	0	0	0	0	0	0	0	0	0	0	0	0	0	0	0
328	1788	0.11719457793754988	0.11719457793754988	0.17832303691903587	0.614791122159637	0.11731081881026093	0.12027350080880579	0.3673535700662918	0.9993192982471565	0.4655851546461917	0.24959835727489257	0.25044151472736087	0.13574850065631686	0.005747126436781609	0.005747126436781609	0.017241379310344827	0.5517241379310345	0.005747126436781609	0.008620689655172414	0.1206896551724138	0.9971264367816092	0.05172413793103448	0.02586206896551724	0.028735632183908046	0.01440922190201729	5	69.4	0.08509197817438896	0	0	0	0	0	0	0	0	0	0	0	0	0	0	0	0	0	0	0	0	0	0	0	1
329	1793	0.11719457793754988	0.11719457793754988	0.17832303691903587	0.614791122159637	0.11731081881026093	0.12027350080880579	0.3673535700662918	0.9993192982471565	0.4655851546461917	0.24959835727489257	0.25044151472736087	0.13574850065631686	0.005747126436781609	0.005747126436781609	0.017241379310344827	0.5517241379310345	0.005747126436781609	0.008620689655172414	0.1206896551724138	0.9971264367816092	0.05172413793103448	0.02586206896551724	0.028735632183908046	0.01440922190201729	12	31.545454545454547	0.02070573648808136	0	0	0	0	0	0	0	0	0	0	0	0	0	0	1	0	0	0	0	0	0	0	0	1
330	1798	0.11761236379464901	0.11761236379464901	0.1798175470212839	0.6055138748228203	0.11761236379464901	0.11761236379464901	0.3646188500854412	1.0000000000000002	0.462927963239865	0.23995516865680228	0.23995516865680228	0.12331729669640883	0.005865102639296188	0.005865102639296188	0.017595307917888565	0.5425219941348973	0.005865102639296188	0.005865102639296188	0.12023460410557185	1.0	0.04985337243401759	0.02346041055718475	0.02346041055718475	0.011730205278592375	10	34.1	0.022967552738624535	0	0	0	0	0	0	0	0	0	0	0	0	0	0	1	0	0	0	0	0	0	0	0	1
331	1786	0.11719457793754988	0.11719457793754988	0.17832303691903587	0.614791122159637	0.11731081881026093	0.12027350080880579	0.3673535700662918	0.9993192982471565	0.4655851546461917	0.24959835727489257	0.25044151472736087	0.13574850065631686	0.005747126436781609	0.005747126436781609	0.017241379310344827	0.5517241379310345	0.005747126436781609	0.008620689655172414	0.1206896551724138	0.9971264367816092	0.05172413793103448	0.02586206896551724	0.028735632183908046	0.01440922190201729	0	0.0	0.0	0	0	0	0	0	0	0	0	0	0	0	0	0	0	0	0	0	0	0	0	0	0	0	0
332	1787	0.11719457793754988	0.11719457793754988	0.17832303691903587	0.614791122159637	0.11731081881026093	0.12027350080880579	0.3673535700662918	0.9993192982471565	0.4655851546461917	0.24959835727489257	0.25044151472736087	0.13574850065631686	0.005747126436781609	0.005747126436781609	0.017241379310344827	0.5517241379310345	0.005747126436781609	0.008620689655172414	0.1206896551724138	0.9971264367816092	0.05172413793103448	0.02586206896551724	0.028735632183908046	0.01440922190201729	0	0.0	0.0	0	0	0	0	0	0	0	0	0	0	0	0	0	0	0	0	0	0	0	0	0	0	0	0
333	1789	0.11719457793754988	0.11719457793754988	0.17832303691903587	0.614791122159637	0.11731081881026093	0.12027350080880579	0.3673535700662918	0.9993192982471565	0.4655851546461917	0.24959835727489257	0.25044151472736087	0.13574850065631686	0.005747126436781609	0.005747126436781609	0.017241379310344827	0.5517241379310345	0.005747126436781609	0.008620689655172414	0.1206896551724138	0.9971264367816092	0.05172413793103448	0.02586206896551724	0.028735632183908046	0.01440922190201729	5	69.4	0.08509197817438896	0	0	0	0	0	0	0	0	0	0	0	0	0	0	0	0	0	0	0	0	0	0	0	1
334	1792	0.11719457793754988	0.11719457793754988	0.17832303691903587	0.614791122159637	0.11731081881026093	0.12027350080880579	0.3673535700662918	0.9993192982471565	0.4655851546461917	0.24959835727489257	0.25044151472736087	0.13574850065631686	0.005747126436781609	0.005747126436781609	0.017241379310344827	0.5517241379310345	0.005747126436781609	0.008620689655172414	0.1206896551724138	0.9971264367816092	0.05172413793103448	0.02586206896551724	0.028735632183908046	0.01440922190201729	5	69.4	0.08509197817438896	0	0	0	0	0	0	0	0	0	0	0	0	0	0	0	0	0	0	0	0	0	0	0	1
335	1794	0.11719457793754988	0.11719457793754988	0.17832303691903587	0.614791122159637	0.11731081881026093	0.12027350080880579	0.3673535700662918	0.9993192982471565	0.4655851546461917	0.24959835727489257	0.25044151472736087	0.13574850065631686	0.005747126436781609	0.005747126436781609	0.017241379310344827	0.5517241379310345	0.005747126436781609	0.008620689655172414	0.1206896551724138	0.9971264367816092	0.05172413793103448	0.02586206896551724	0.028735632183908046	0.01440922190201729	12	31.545454545454547	0.02070573648808136	0	0	0	0	0	0	0	0	0	0	0	0	0	0	1	0	0	0	0	0	0	0	0	1
336	1797	0.11761236379464901	0.11761236379464901	0.1798175470212839	0.6055138748228203	0.11761236379464901	0.11761236379464901	0.3646188500854412	1.0000000000000002	0.462927963239865	0.23995516865680228	0.23995516865680228	0.12331729669640883	0.005865102639296188	0.005865102639296188	0.017595307917888565	0.5425219941348973	0.005865102639296188	0.005865102639296188	0.12023460410557185	1.0	0.04985337243401759	0.02346041055718475	0.02346041055718475	0.011730205278592375	10	34.1	0.022967552738624535	0	0	0	0	0	0	0	0	0	0	0	0	0	0	1	0	0	0	0	0	0	0	0	1
337	1791	0.11719457793754988	0.11719457793754988	0.17832303691903587	0.614791122159637	0.11731081881026093	0.12027350080880579	0.3673535700662918	0.9993192982471565	0.4655851546461917	0.24959835727489257	0.25044151472736087	0.13574850065631686	0.005747126436781609	0.005747126436781609	0.017241379310344827	0.5517241379310345	0.005747126436781609	0.008620689655172414	0.1206896551724138	0.9971264367816092	0.05172413793103448	0.02586206896551724	0.028735632183908046	0.01440922190201729	0	0.0	0.0	0	0	0	0	0	0	0	0	0	0	0	0	0	0	0	0	0	0	0	0	0	0	0	0
338	1795	0.11719457793754988	0.11719457793754988	0.17832303691903587	0.614791122159637	0.11731081881026093	0.12027350080880579	0.3673535700662918	0.9993192982471565	0.4655851546461917	0.24959835727489257	0.25044151472736087	0.13574850065631686	0.005747126436781609	0.005747126436781609	0.017241379310344827	0.5517241379310345	0.005747126436781609	0.008620689655172414	0.1206896551724138	0.9971264367816092	0.05172413793103448	0.02586206896551724	0.028735632183908046	0.01440922190201729	5	69.4	0.08509197817438896	0	0	0	0	0	0	0	0	0	0	0	0	0	0	0	0	0	0	0	0	0	0	0	1
339	1818	0.23802279262958534	0.20815389297267914	0.2303628284371456	0.7583535623026499	0.3796606102754041	0.34393209323909424	0.4775768951828491	0.9997186315298314	0.591140882471146	0.36245408794346884	0.32302523981263614	0.4689252938824911	0.009395973154362415	0.006711409395973154	0.016107382550335572	0.5395973154362416	0.028965517241379312	0.027586206896551724	0.14093959731543623	0.9986577181208054	0.15994623655913978	0.04701627486437613	0.04701627486437613	0.045207956600361664	0	0.0	0.0	0	0	0	0	0	0	0	0	0	0	0	0	0	0	0	0	0	0	0	0	0	0	0	0
340	1840	0.1930653815093849	0.1812921571015525	0.11337771809084062	0.7620414622925324	0.3197476154177404	0.3267582756169881	0.4542226718594536	0.9999999999999999	0.5180275901204819	0.36062170072421385	0.3215831929308008	0.4640901081662648	0.009487666034155597	0.009487666034155597	0.009487666034155597	0.6280834914611005	0.024667931688804556	0.024667931688804556	0.14800759013282733	1.0	0.08159392789373814	0.04743833017077799	0.04743833017077799	0.04554079696394687	0	0.0	0.0	0	0	0	0	0	0	0	0	0	0	0	0	0	0	0	0	0	0	0	0	0	0	0	0
341	1819	0.23802279262958534	0.20815389297267914	0.2303628284371456	0.7583535623026499	0.3796606102754041	0.34393209323909424	0.4775768951828491	0.9997186315298314	0.591140882471146	0.36245408794346884	0.32302523981263614	0.4689252938824911	0.009395973154362415	0.006711409395973154	0.016107382550335572	0.5395973154362416	0.028965517241379312	0.027586206896551724	0.14093959731543623	0.9986577181208054	0.15994623655913978	0.04701627486437613	0.04701627486437613	0.045207956600361664	0	0.0	0.0	0	0	0	0	0	0	0	0	0	0	0	0	0	0	0	0	0	0	0	0	0	0	0	0
342	1902	0.23802279262958534	0.20815389297267914	0.2303628284371456	0.7583535623026499	0.3796606102754041	0.34393209323909424	0.4775768951828491	0.9997186315298314	0.591140882471146	0.36245408794346884	0.32302523981263614	0.4689252938824911	0.009395973154362415	0.006711409395973154	0.016107382550335572	0.5395973154362416	0.028965517241379312	0.027586206896551724	0.14093959731543623	0.9986577181208054	0.15994623655913978	0.04701627486437613	0.04701627486437613	0.045207956600361664	20	36.25	0.004200689655172414	0	0	0	0	0	0	0	0	0	0	0	0	0	0	0	0	0	1	0	0	0	0	0	0
343	1903	0.23802279262958534	0.20815389297267914	0.2303628284371456	0.7583535623026499	0.3796606102754041	0.34393209323909424	0.4775768951828491	0.9997186315298314	0.591140882471146	0.36245408794346884	0.32302523981263614	0.4689252938824911	0.009395973154362415	0.006711409395973154	0.016107382550335572	0.5395973154362416	0.028965517241379312	0.027586206896551724	0.14093959731543623	0.9986577181208054	0.15994623655913978	0.04701627486437613	0.04701627486437613	0.045207956600361664	47	15.76086956521739	0.0004269190741960356	0	0	0	0	0	0	0	0	0	0	0	0	0	0	0	0	1	1	0	0	0	0	0	0
344	1906	0.0	0.17094311026521475	0.16085194163471828	0.9102780269799583	0.0	0.17094311026521475	0.4568233035103643	1.0	0.4841351170279901	0.0	0.4310693781406448	0.4310693781406448	0.01818181818181818	0.03636363636363636	0.03636363636363636	0.7818181818181819	0.01818181818181818	0.03636363636363636	0.2909090909090909	1.0	0.18181818181818182	0.01818181818181818	0.10909090909090909	0.10909090909090909	2	27.5	0.004049586776859503	0	0	0	0	0	0	0	0	0	0	0	0	0	0	0	0	1	1	0	0	0	0	0	0
345	1910	0.0	0.2539208795270126	0.11236736561871881	0.964284816291693	0.0	0.2539208795270126	0.26572941376844617	1.0000000000000007	0.5807706010758833	0.0	0.3642794057347741	0.3642794057347741	0.01282051282051282	0.05128205128205128	0.02564102564102564	0.9102564102564102	0.01282051282051282	0.05128205128205128	0.15384615384615385	1.0	0.23076923076923078	0.01282051282051282	0.07692307692307693	0.07692307692307693	4	19.5	0.03299638395792242	0	0	0	0	0	0	0	0	0	0	0	0	0	0	0	0	1	1	0	0	0	0	0	0
346	1921	0.23339164681552366	0.0	0.11689186119328383	0.4545475216871317	0.23339164681552366	0.0	0.45210665713087655	1.0	0.5098730293926297	0.327480145240597	0.0	0.327480145240597	0.041237113402061855	0.010309278350515464	0.030927835051546393	0.32989690721649484	0.041237113402061855	0.010309278350515464	0.18556701030927836	1.0	0.15463917525773196	0.061855670103092786	0.010309278350515464	0.061855670103092786	4	24.25	0.0370057923264959	0	0	0	0	0	0	0	0	0	0	0	0	0	0	0	0	1	1	0	0	0	0	0	0
347	1928	0.1233789412424757	0.0	0.2505952130180677	0.9295000659996046	0.3235040320649143	0.0	0.41069233347289913	1.0	0.6364893220217465	0.0	0.42054753767285724	0.42054753767285724	0.01935483870967742	0.0064516129032258064	0.03870967741935484	0.8064516129032258	0.04516129032258064	0.0064516129032258064	0.1935483870967742	1.0	0.2709677419354839	0.008849557522123894	0.07964601769911504	0.07964601769911504	0	0.0	0.0	0	0	0	0	0	0	0	0	0	0	0	0	0	0	0	0	0	0	0	0	0	0	0	0
348	1929	0.1233789412424757	0.0	0.2505952130180677	0.9295000659996046	0.3235040320649143	0.0	0.41069233347289913	1.0	0.6364893220217465	0.0	0.42054753767285724	0.42054753767285724	0.01935483870967742	0.0064516129032258064	0.03870967741935484	0.8064516129032258	0.04516129032258064	0.0064516129032258064	0.1935483870967742	1.0	0.2709677419354839	0.008849557522123894	0.07964601769911504	0.07964601769911504	0	0.0	0.0	0	0	0	0	0	0	0	0	0	0	0	0	0	0	0	0	0	0	0	0	0	0	0	0
349	1935	0.2595897178887706	0.5372435736804817	0.0	0.7799645251947492	-0.0	-0.0	0.16703843262486698	1.0	0.8843108934201204	-0.0	-0.0	-0.0	0.25	0.25	0.05	0.6			0.1	1.0	0.75				0	0.0	0.0	0	0	0	0	0	0	0	0	0	0	0	0	0	0	0	0	0	0	0	0	0	0	0	0
350	1936	0.2595897178887706	0.5372435736804817	0.0	0.7799645251947492	-0.0	-0.0	0.16703843262486698	1.0	0.8843108934201204	-0.0	-0.0	-0.0	0.25	0.25	0.05	0.6			0.1	1.0	0.75				0	0.0	0.0	0	0	0	0	0	0	0	0	0	0	0	0	0	0	0	0	0	0	0	0	0	0	0	0
351	1823	0.23802279262958534	0.20815389297267914	0.2303628284371456	0.7583535623026499	0.3796606102754041	0.34393209323909424	0.4775768951828491	0.9997186315298314	0.591140882471146	0.36245408794346884	0.32302523981263614	0.4689252938824911	0.009395973154362415	0.006711409395973154	0.016107382550335572	0.5395973154362416	0.028965517241379312	0.027586206896551724	0.14093959731543623	0.9986577181208054	0.15994623655913978	0.04701627486437613	0.04701627486437613	0.045207956600361664	0	0.0	0.0	0	0	0	0	0	0	0	0	0	0	0	0	0	0	0	0	0	0	0	0	0	0	0	0
352	1871	0.23802279262958534	0.20815389297267914	0.2303628284371456	0.7583535623026499	0.3796606102754041	0.34393209323909424	0.4775768951828491	0.9997186315298314	0.591140882471146	0.36245408794346884	0.32302523981263614	0.4689252938824911	0.009395973154362415	0.006711409395973154	0.016107382550335572	0.5395973154362416	0.028965517241379312	0.027586206896551724	0.14093959731543623	0.9986577181208054	0.15994623655913978	0.04701627486437613	0.04701627486437613	0.045207956600361664	20	36.25	0.004200689655172414	0	0	0	0	0	0	0	0	0	0	0	0	0	0	0	0	0	1	0	0	0	0	0	0
353	1880	0.23802279262958534	0.20815389297267914	0.2303628284371456	0.7583535623026499	0.3796606102754041	0.34393209323909424	0.4775768951828491	0.9997186315298314	0.591140882471146	0.36245408794346884	0.32302523981263614	0.4689252938824911	0.009395973154362415	0.006711409395973154	0.016107382550335572	0.5395973154362416	0.028965517241379312	0.027586206896551724	0.14093959731543623	0.9986577181208054	0.15994623655913978	0.04701627486437613	0.04701627486437613	0.045207956600361664	47	15.76086956521739	0.0004269190741960356	0	0	0	0	0	0	0	0	0	0	0	0	0	0	0	0	1	1	0	0	0	0	0	0
354	1925	0.23802279262958534	0.20815389297267914	0.2303628284371456	0.7583535623026499	0.3796606102754041	0.34393209323909424	0.4775768951828491	0.9997186315298314	0.591140882471146	0.36245408794346884	0.32302523981263614	0.4689252938824911	0.009395973154362415	0.006711409395973154	0.016107382550335572	0.5395973154362416	0.028965517241379312	0.027586206896551724	0.14093959731543623	0.9986577181208054	0.15994623655913978	0.04701627486437613	0.04701627486437613	0.045207956600361664	56	13.181818181818182	0.0007931745953754388	0	0	0	0	0	0	0	0	0	0	0	0	0	0	1	0	0	1	0	0	0	0	0	0
355	1942	0.23802279262958534	0.20815389297267914	0.2303628284371456	0.7583535623026499	0.3796606102754041	0.34393209323909424	0.4775768951828491	0.9997186315298314	0.591140882471146	0.36245408794346884	0.32302523981263614	0.4689252938824911	0.009395973154362415	0.006711409395973154	0.016107382550335572	0.5395973154362416	0.028965517241379312	0.027586206896551724	0.14093959731543623	0.9986577181208054	0.15994623655913978	0.04701627486437613	0.04701627486437613	0.045207956600361664	169	4.341317365269461	0.00017905738005288393	0	0	0	0	0	0	0	0	0	0	0	0	0	0	1	0	0	1	1	0	0	0	0	0
356	1945	0.23802279262958534	0.20815389297267914	0.2303628284371456	0.7583535623026499	0.3796606102754041	0.34393209323909424	0.4775768951828491	0.9997186315298314	0.591140882471146	0.36245408794346884	0.32302523981263614	0.4689252938824911	0.009395973154362415	0.006711409395973154	0.016107382550335572	0.5395973154362416	0.028965517241379312	0.027586206896551724	0.14093959731543623	0.9986577181208054	0.15994623655913978	0.04701627486437613	0.04701627486437613	0.045207956600361664	89	8.238636363636363	0.00018951440139149584	0	0	0	0	0	0	0	0	0	0	0	0	0	0	1	0	1	1	0	0	0	0	0	0
357	1860	0.11719457793754988	0.11719457793754988	0.17832303691903587	0.614791122159637	0.11731081881026093	0.12027350080880579	0.3673535700662918	0.9993192982471565	0.4655851546461917	0.24959835727489257	0.25044151472736087	0.13574850065631686	0.005747126436781609	0.005747126436781609	0.017241379310344827	0.5517241379310345	0.005747126436781609	0.008620689655172414	0.1206896551724138	0.9971264367816092	0.05172413793103448	0.02586206896551724	0.028735632183908046	0.01440922190201729	0	0.0	0.0	0	0	0	0	0	0	0	0	0	0	0	0	0	0	0	0	0	0	0	0	0	0	0	0
358	1861	0.11719457793754988	0.11719457793754988	0.17832303691903587	0.614791122159637	0.11731081881026093	0.12027350080880579	0.3673535700662918	0.9993192982471565	0.4655851546461917	0.24959835727489257	0.25044151472736087	0.13574850065631686	0.005747126436781609	0.005747126436781609	0.017241379310344827	0.5517241379310345	0.005747126436781609	0.008620689655172414	0.1206896551724138	0.9971264367816092	0.05172413793103448	0.02586206896551724	0.028735632183908046	0.01440922190201729	6	58.0	0.04077762364028714	0	0	0	0	0	0	0	0	0	0	0	0	0	0	1	0	0	0	0	0	0	0	0	0
359	1869	0.11719457793754988	0.11719457793754988	0.17832303691903587	0.614791122159637	0.11731081881026093	0.12027350080880579	0.3673535700662918	0.9993192982471565	0.4655851546461917	0.24959835727489257	0.25044151472736087	0.13574850065631686	0.005747126436781609	0.005747126436781609	0.017241379310344827	0.5517241379310345	0.005747126436781609	0.008620689655172414	0.1206896551724138	0.9971264367816092	0.05172413793103448	0.02586206896551724	0.028735632183908046	0.01440922190201729	5	69.4	0.08509197817438896	0	0	0	0	0	0	0	0	0	0	0	0	0	0	0	0	0	0	0	0	0	0	0	1
360	1934	0.23802279262958534	0.20815389297267914	0.2303628284371456	0.7583535623026499	0.3796606102754041	0.34393209323909424	0.4775768951828491	0.9997186315298314	0.591140882471146	0.36245408794346884	0.32302523981263614	0.4689252938824911	0.009395973154362415	0.006711409395973154	0.016107382550335572	0.5395973154362416	0.028965517241379312	0.027586206896551724	0.14093959731543623	0.9986577181208054	0.15994623655913978	0.04701627486437613	0.04701627486437613	0.045207956600361664	0	0.0	0.0	0	0	0	0	0	0	0	0	0	0	0	0	0	0	0	0	0	0	0	0	0	0	0	0
361	1940	0.1930653815093849	0.1812921571015525	0.11337771809084062	0.7620414622925324	0.3197476154177404	0.3267582756169881	0.4542226718594536	0.9999999999999999	0.5180275901204819	0.36062170072421385	0.3215831929308008	0.4640901081662648	0.009487666034155597	0.009487666034155597	0.009487666034155597	0.6280834914611005	0.024667931688804556	0.024667931688804556	0.14800759013282733	1.0	0.08159392789373814	0.04743833017077799	0.04743833017077799	0.04554079696394687	0	0.0	0.0	0	0	0	0	0	0	0	0	0	0	0	0	0	0	0	0	0	0	0	0	0	0	0	0
362	1941	0.1930653815093849	0.1812921571015525	0.11337771809084062	0.7620414622925324	0.3197476154177404	0.3267582756169881	0.4542226718594536	0.9999999999999999	0.5180275901204819	0.36062170072421385	0.3215831929308008	0.4640901081662648	0.009487666034155597	0.009487666034155597	0.009487666034155597	0.6280834914611005	0.024667931688804556	0.024667931688804556	0.14800759013282733	1.0	0.08159392789373814	0.04743833017077799	0.04743833017077799	0.04554079696394687	24	21.958333333333332	0.0009945183874288325	0	0	0	0	0	0	0	0	0	0	0	0	0	0	0	0	0	0	0	0	0	0	0	1
363	1947	0.23802279262958534	0.20815389297267914	0.2303628284371456	0.7583535623026499	0.3796606102754041	0.34393209323909424	0.4775768951828491	0.9997186315298314	0.591140882471146	0.36245408794346884	0.32302523981263614	0.4689252938824911	0.009395973154362415	0.006711409395973154	0.016107382550335572	0.5395973154362416	0.028965517241379312	0.027586206896551724	0.14093959731543623	0.9986577181208054	0.15994623655913978	0.04701627486437613	0.04701627486437613	0.045207956600361664	0	0.0	0.0	0	0	0	0	0	0	0	0	0	0	0	0	0	0	0	0	0	0	0	0	0	0	0	0
364	1949	0.23802279262958534	0.20815389297267914	0.2303628284371456	0.7583535623026499	0.3796606102754041	0.34393209323909424	0.4775768951828491	0.9997186315298314	0.591140882471146	0.36245408794346884	0.32302523981263614	0.4689252938824911	0.009395973154362415	0.006711409395973154	0.016107382550335572	0.5395973154362416	0.028965517241379312	0.027586206896551724	0.14093959731543623	0.9986577181208054	0.15994623655913978	0.04701627486437613	0.04701627486437613	0.045207956600361664	25	22.12	0.0008691228838915793	0	0	0	0	0	0	0	0	0	0	0	0	0	0	0	0	0	0	0	0	0	0	0	1
365	1951	0.23802279262958534	0.20815389297267914	0.2303628284371456	0.7583535623026499	0.3796606102754041	0.34393209323909424	0.4775768951828491	0.9997186315298314	0.591140882471146	0.36245408794346884	0.32302523981263614	0.4689252938824911	0.009395973154362415	0.006711409395973154	0.016107382550335572	0.5395973154362416	0.028965517241379312	0.027586206896551724	0.14093959731543623	0.9986577181208054	0.15994623655913978	0.04701627486437613	0.04701627486437613	0.045207956600361664	12	62.083333333333336	0.02314323929352532	0	0	0	0	0	0	0	0	0	0	0	0	0	0	1	0	0	0	0	0	0	0	0	0
366	1952	0.23802279262958534	0.20815389297267914	0.2303628284371456	0.7583535623026499	0.3796606102754041	0.34393209323909424	0.4775768951828491	0.9997186315298314	0.591140882471146	0.36245408794346884	0.32302523981263614	0.4689252938824911	0.009395973154362415	0.006711409395973154	0.016107382550335572	0.5395973154362416	0.028965517241379312	0.027586206896551724	0.14093959731543623	0.9986577181208054	0.15994623655913978	0.04701627486437613	0.04701627486437613	0.045207956600361664	56	13.181818181818182	0.0009225443932351291	0	0	0	0	0	0	0	0	0	0	0	0	0	0	1	0	1	0	0	0	0	0	0	0
367	1988	0.23802279262958534	0.20815389297267914	0.2303628284371456	0.7583535623026499	0.3796606102754041	0.34393209323909424	0.4775768951828491	0.9997186315298314	0.591140882471146	0.36245408794346884	0.32302523981263614	0.4689252938824911	0.009395973154362415	0.006711409395973154	0.016107382550335572	0.5395973154362416	0.028965517241379312	0.027586206896551724	0.14093959731543623	0.9986577181208054	0.15994623655913978	0.04701627486437613	0.04701627486437613	0.045207956600361664	0	0.0	0.0	0	0	0	0	0	0	0	0	0	0	0	0	0	0	0	0	0	0	0	0	0	0	0	0
368	1989	0.23802279262958534	0.20815389297267914	0.2303628284371456	0.7583535623026499	0.3796606102754041	0.34393209323909424	0.4775768951828491	0.9997186315298314	0.591140882471146	0.36245408794346884	0.32302523981263614	0.4689252938824911	0.009395973154362415	0.006711409395973154	0.016107382550335572	0.5395973154362416	0.028965517241379312	0.027586206896551724	0.14093959731543623	0.9986577181208054	0.15994623655913978	0.04701627486437613	0.04701627486437613	0.045207956600361664	5	149.0	0.01916310076122697	0	0	0	0	0	0	0	0	0	0	0	0	0	1	0	0	0	0	0	0	0	0	0	0
369	1990	0.23802279262958534	0.20815389297267914	0.2303628284371456	0.7583535623026499	0.3796606102754041	0.34393209323909424	0.4775768951828491	0.9997186315298314	0.591140882471146	0.36245408794346884	0.32302523981263614	0.4689252938824911	0.009395973154362415	0.006711409395973154	0.016107382550335572	0.5395973154362416	0.028965517241379312	0.027586206896551724	0.14093959731543623	0.9986577181208054	0.15994623655913978	0.04701627486437613	0.04701627486437613	0.045207956600361664	12	62.083333333333336	0.02314323929352532	0	0	0	0	0	0	0	0	0	0	0	0	0	0	1	0	0	0	0	0	0	0	0	0
370	1991	0.0	0.19287061938670147	0.10278936308281866	0.970775853438079	0.32004135105556	0.19287061938670147	0.3248291122774456	0.9999999999999997	0.6011345729772776	0.0	0.546878474355723	0.546878474355723	0.004032258064516129	0.016129032258064516	0.008064516129032258	0.907258064516129	0.036290322580645164	0.016129032258064516	0.1814516129032258	1.0	0.16129032258064516	0.004032258064516129	0.10080645161290322	0.10080645161290322	0	0.0	0.0	0	0	0	0	0	0	0	0	0	0	0	0	0	0	0	0	0	0	0	0	0	0	0	0
371	1992	0.0	0.19287061938670147	0.10278936308281866	0.970775853438079	0.32004135105556	0.19287061938670147	0.3248291122774456	0.9999999999999997	0.6011345729772776	0.0	0.546878474355723	0.546878474355723	0.004032258064516129	0.016129032258064516	0.008064516129032258	0.907258064516129	0.036290322580645164	0.016129032258064516	0.1814516129032258	1.0	0.16129032258064516	0.004032258064516129	0.10080645161290322	0.10080645161290322	25	9.92	0.0006658688865764827	0	0	0	0	0	0	0	0	0	0	0	0	0	0	0	0	0	0	0	0	0	0	0	1
372	1993	0.0	0.0	0.0	0.0	0.0	0.0	0.0	0.0	0.0	0.0	0.0	0.0	0.0	0.0	0.0	0.0	0.0	0.0	0.0	0.0	0.0	0.0	0.0	0.0	0	0.0	0.0	0	0	0	0	0	0	0	0	0	0	0	0	0	0	0	0	0	0	0	0	0	0	0	0
373	1994	0.1738977504089856	0.1738977504089856	0.1549135068722338	0.6998129650826225	0.1738977504089856	0.1738977504089856	0.5313883752137	0.9999999999999999	0.26147525752287015	0.1738977504089856	0.1738977504089856	0.0	0.04	0.04	0.08	0.6	0.04	0.04	0.3	1.0	0.08	0.04	0.04	0.02	0	0.0	0.0	0	0	0	0	0	0	0	0	0	0	0	0	0	0	0	0	0	0	0	0	0	0	0	0
374	1995	0.1626922683598267	0.1626922683598267	0.13875518666870174	0.6989536982211336	0.1626922683598267	0.1626922683598267	0.49159595906114834	0.9999999999999998	0.32765049062788576	0.1626922683598267	0.1626922683598267	0.0	0.030303030303030304	0.030303030303030304	0.06060606060606061	0.6060606060606061	0.030303030303030304	0.030303030303030304	0.2727272727272727	1.0	0.10606060606060606	0.030303030303030304	0.030303030303030304	0.015151515151515152	0	0.0	0.0	0	0	0	0	0	0	0	0	0	0	0	0	0	0	0	0	0	0	0	0	0	0	0	0
375	1996													1.0	1.0	1.0	1.0	1.0	1.0	1.0	1.0	1.0	1.0	1.0	1.0	0	0.0	0.0	0	0	0	0	0	0	0	0	0	0	0	0	0	0	0	0	0	0	0	0	0	0	0	0
376	1997													1.0	1.0	1.0	1.0	1.0	1.0	1.0	1.0	1.0	1.0	1.0	1.0	0	0.0	0.0	0	0	0	0	0	0	0	0	0	0	0	0	0	0	0	0	0	0	0	0	0	0	0	0
377	1998	0.25903158061668574	0.24602698653863606	0.17438257716211625	0.6771452360164526	0.40757021777312497	0.42081162501859315	0.8290022008306841	0.9999999999999998	0.5084651670893876	0.44040770222781395	0.4055278053188554	0.5622084744845014	0.040983606557377046	0.03278688524590164	0.03278688524590164	0.36885245901639346	0.09016393442622951	0.09836065573770492	0.5573770491803278	1.0	0.1885245901639344	0.19672131147540983	0.16393442622950818	0.1885245901639344	0	0.0	0.0	0	0	0	0	0	0	0	0	0	0	0	0	0	0	0	0	0	0	0	0	0	0	0	0
378	1999	0.25903158061668574	0.24602698653863606	0.17438257716211625	0.6771452360164526	0.40757021777312497	0.42081162501859315	0.8290022008306841	0.9999999999999998	0.5084651670893876	0.44040770222781395	0.4055278053188554	0.5622084744845014	0.040983606557377046	0.03278688524590164	0.03278688524590164	0.36885245901639346	0.09016393442622951	0.09836065573770492	0.5573770491803278	1.0	0.1885245901639344	0.19672131147540983	0.16393442622950818	0.1885245901639344	0	0.0	0.0	0	0	0	0	0	0	0	0	0	0	0	0	0	0	0	0	0	0	0	0	0	0	0	0
379	2000	0.0	0.2579045417443122	0.0	0.8469104032944414	0.39246269982764176	0.2579045417443122	0.8824526039316214	1.0000000000000002	0.5813545639132127	0.0	0.6651678057864373	0.6651678057864373	0.015873015873015872	0.06349206349206349	0.015873015873015872	0.6349206349206349	0.14285714285714285	0.06349206349206349	0.6825396825396826	1.0	0.2857142857142857	0.015873015873015872	0.36507936507936506	0.36507936507936506	0	0.0	0.0	0	0	0	0	0	0	0	0	0	0	0	0	0	0	0	0	0	0	0	0	0	0	0	0
380	2001	0.0	0.2579045417443122	0.0	0.8469104032944414	0.39246269982764176	0.2579045417443122	0.8824526039316214	1.0000000000000002	0.5813545639132127	0.0	0.6651678057864373	0.6651678057864373	0.015873015873015872	0.06349206349206349	0.015873015873015872	0.6349206349206349	0.14285714285714285	0.06349206349206349	0.6825396825396826	1.0	0.2857142857142857	0.015873015873015872	0.36507936507936506	0.36507936507936506	0	0.0	0.0	0	0	0	0	0	0	0	0	0	0	0	0	0	0	0	0	0	0	0	0	0	0	0	0
381	2233	0.11719457793754988	0.11719457793754988	0.17832303691903587	0.614791122159637	0.11731081881026093	0.12027350080880579	0.3673535700662918	0.9993192982471565	0.4655851546461917	0.24959835727489257	0.25044151472736087	0.13574850065631686	0.005747126436781609	0.005747126436781609	0.017241379310344827	0.5517241379310345	0.005747126436781609	0.008620689655172414	0.1206896551724138	0.9971264367816092	0.05172413793103448	0.02586206896551724	0.028735632183908046	0.01440922190201729	0	0.0	0.0	0	0	0	0	0	0	0	0	0	0	0	0	0	0	0	0	0	0	0	0	0	0	0	0
382	2239	0.11719457793754988	0.11719457793754988	0.17832303691903587	0.614791122159637	0.11731081881026093	0.12027350080880579	0.3673535700662918	0.9993192982471565	0.4655851546461917	0.24959835727489257	0.25044151472736087	0.13574850065631686	0.005747126436781609	0.005747126436781609	0.017241379310344827	0.5517241379310345	0.005747126436781609	0.008620689655172414	0.1206896551724138	0.9971264367816092	0.05172413793103448	0.02586206896551724	0.028735632183908046	0.01440922190201729	2	174.0	0.0036414982164090347	0	0	0	0	0	0	0	0	0	0	0	0	0	1	0	0	0	0	0	0	0	0	0	0
383	2241	0.11719457793754988	0.11719457793754988	0.17832303691903587	0.614791122159637	0.11731081881026093	0.12027350080880579	0.3673535700662918	0.9993192982471565	0.4655851546461917	0.24959835727489257	0.25044151472736087	0.13574850065631686	0.005747126436781609	0.005747126436781609	0.017241379310344827	0.5517241379310345	0.005747126436781609	0.008620689655172414	0.1206896551724138	0.9971264367816092	0.05172413793103448	0.02586206896551724	0.028735632183908046	0.01440922190201729	3	116.0	0.05691526841943013	0	0	0	0	0	0	0	0	0	0	0	0	0	1	0	0	0	1	0	0	0	0	0	0
384	2267	0.11719457793754988	0.11719457793754988	0.17832303691903587	0.614791122159637	0.11731081881026093	0.12027350080880579	0.3673535700662918	0.9993192982471565	0.4655851546461917	0.24959835727489257	0.25044151472736087	0.13574850065631686	0.005747126436781609	0.005747126436781609	0.017241379310344827	0.5517241379310345	0.005747126436781609	0.008620689655172414	0.1206896551724138	0.9971264367816092	0.05172413793103448	0.02586206896551724	0.028735632183908046	0.01440922190201729	3	116.0	0.05691526841943013	0	0	0	0	0	0	0	0	0	0	0	0	0	0	0	0	0	1	0	0	0	0	0	0
385	2268	0.11719457793754988	0.11719457793754988	0.17832303691903587	0.614791122159637	0.11731081881026093	0.12027350080880579	0.3673535700662918	0.9993192982471565	0.4655851546461917	0.24959835727489257	0.25044151472736087	0.13574850065631686	0.005747126436781609	0.005747126436781609	0.017241379310344827	0.5517241379310345	0.005747126436781609	0.008620689655172414	0.1206896551724138	0.9971264367816092	0.05172413793103448	0.02586206896551724	0.028735632183908046	0.01440922190201729	3	116.0	0.05691526841943013	0	0	0	0	0	0	0	0	0	0	0	0	0	0	0	0	1	1	0	0	0	0	0	0
386	2408	0.11719457793754988	0.11719457793754988	0.17832303691903587	0.614791122159637	0.11731081881026093	0.12027350080880579	0.3673535700662918	0.9993192982471565	0.4655851546461917	0.24959835727489257	0.25044151472736087	0.13574850065631686	0.005747126436781609	0.005747126436781609	0.017241379310344827	0.5517241379310345	0.005747126436781609	0.008620689655172414	0.1206896551724138	0.9971264367816092	0.05172413793103448	0.02586206896551724	0.028735632183908046	0.01440922190201729	6	58.0	0.04077762364028714	0	0	0	0	0	0	0	0	0	0	0	0	0	0	1	0	0	0	0	0	0	0	0	0
387	2424	0.11719457793754988	0.11719457793754988	0.17832303691903587	0.614791122159637	0.11731081881026093	0.12027350080880579	0.3673535700662918	0.9993192982471565	0.4655851546461917	0.24959835727489257	0.25044151472736087	0.13574850065631686	0.005747126436781609	0.005747126436781609	0.017241379310344827	0.5517241379310345	0.005747126436781609	0.008620689655172414	0.1206896551724138	0.9971264367816092	0.05172413793103448	0.02586206896551724	0.028735632183908046	0.01440922190201729	3	116.0	0.05691526841943013	0	0	0	0	0	0	0	0	0	0	0	0	0	0	0	0	0	1	0	0	0	0	0	0
388	2439	0.11719457793754988	0.11719457793754988	0.17832303691903587	0.614791122159637	0.11731081881026093	0.12027350080880579	0.3673535700662918	0.9993192982471565	0.4655851546461917	0.24959835727489257	0.25044151472736087	0.13574850065631686	0.005747126436781609	0.005747126436781609	0.017241379310344827	0.5517241379310345	0.005747126436781609	0.008620689655172414	0.1206896551724138	0.9971264367816092	0.05172413793103448	0.02586206896551724	0.028735632183908046	0.01440922190201729	3	116.0	0.05691526841943013	0	0	0	0	0	0	0	0	0	0	0	0	0	0	0	0	1	1	0	0	0	0	0	0
389	2463	0.11719457793754988	0.11719457793754988	0.17832303691903587	0.614791122159637	0.11731081881026093	0.12027350080880579	0.3673535700662918	0.9993192982471565	0.4655851546461917	0.24959835727489257	0.25044151472736087	0.13574850065631686	0.005747126436781609	0.005747126436781609	0.017241379310344827	0.5517241379310345	0.005747126436781609	0.008620689655172414	0.1206896551724138	0.9971264367816092	0.05172413793103448	0.02586206896551724	0.028735632183908046	0.01440922190201729	5	69.4	0.08509197817438896	0	0	0	0	0	0	0	0	0	0	0	0	0	0	0	0	0	0	0	0	0	0	0	1
390	2514	0.11719457793754988	0.11719457793754988	0.17832303691903587	0.614791122159637	0.11731081881026093	0.12027350080880579	0.3673535700662918	0.9993192982471565	0.4655851546461917	0.24959835727489257	0.25044151472736087	0.13574850065631686	0.005747126436781609	0.005747126436781609	0.017241379310344827	0.5517241379310345	0.005747126436781609	0.008620689655172414	0.1206896551724138	0.9971264367816092	0.05172413793103448	0.02586206896551724	0.028735632183908046	0.01440922190201729	12	31.545454545454547	0.02070573648808136	0	0	0	0	0	0	0	0	0	0	0	0	0	0	1	0	0	0	0	0	0	0	0	1
391	2541	0.11719457793754988	0.11719457793754988	0.17832303691903587	0.614791122159637	0.11731081881026093	0.12027350080880579	0.3673535700662918	0.9993192982471565	0.4655851546461917	0.24959835727489257	0.25044151472736087	0.13574850065631686	0.005747126436781609	0.005747126436781609	0.017241379310344827	0.5517241379310345	0.005747126436781609	0.008620689655172414	0.1206896551724138	0.9971264367816092	0.05172413793103448	0.02586206896551724	0.028735632183908046	0.01440922190201729	6	58.0	0.04077762364028714	0	0	0	0	0	0	0	0	0	0	0	0	0	0	1	0	0	0	0	0	0	0	0	0
392	2554	0.11719457793754988	0.11719457793754988	0.17832303691903587	0.614791122159637	0.11731081881026093	0.12027350080880579	0.3673535700662918	0.9993192982471565	0.4655851546461917	0.24959835727489257	0.25044151472736087	0.13574850065631686	0.005747126436781609	0.005747126436781609	0.017241379310344827	0.5517241379310345	0.005747126436781609	0.008620689655172414	0.1206896551724138	0.9971264367816092	0.05172413793103448	0.02586206896551724	0.028735632183908046	0.01440922190201729	11	31.636363636363637	0.02441518743810388	0	0	0	0	0	0	0	0	0	0	0	0	0	1	1	0	0	0	0	0	0	0	0	0
393	2567	0.11719457793754988	0.11719457793754988	0.17832303691903587	0.614791122159637	0.11731081881026093	0.12027350080880579	0.3673535700662918	0.9993192982471565	0.4655851546461917	0.24959835727489257	0.25044151472736087	0.13574850065631686	0.005747126436781609	0.005747126436781609	0.017241379310344827	0.5517241379310345	0.005747126436781609	0.008620689655172414	0.1206896551724138	0.9971264367816092	0.05172413793103448	0.02586206896551724	0.028735632183908046	0.01440922190201729	0	0.0	0.0	0	0	0	0	0	0	0	0	0	0	0	0	0	0	0	0	0	0	0	0	0	0	0	0
394	2584	0.11719457793754988	0.11719457793754988	0.17832303691903587	0.614791122159637	0.11731081881026093	0.12027350080880579	0.3673535700662918	0.9993192982471565	0.4655851546461917	0.24959835727489257	0.25044151472736087	0.13574850065631686	0.005747126436781609	0.005747126436781609	0.017241379310344827	0.5517241379310345	0.005747126436781609	0.008620689655172414	0.1206896551724138	0.9971264367816092	0.05172413793103448	0.02586206896551724	0.028735632183908046	0.01440922190201729	5	69.4	0.08509197817438896	0	0	0	0	0	0	0	0	0	0	0	0	0	0	0	0	0	0	0	0	0	0	0	1
395	2585	0.11719457793754988	0.11719457793754988	0.17832303691903587	0.614791122159637	0.11731081881026093	0.12027350080880579	0.3673535700662918	0.9993192982471565	0.4655851546461917	0.24959835727489257	0.25044151472736087	0.13574850065631686	0.005747126436781609	0.005747126436781609	0.017241379310344827	0.5517241379310345	0.005747126436781609	0.008620689655172414	0.1206896551724138	0.9971264367816092	0.05172413793103448	0.02586206896551724	0.028735632183908046	0.01440922190201729	5	69.4	0.08509197817438896	0	0	0	0	0	0	0	0	0	0	0	0	0	0	0	0	0	0	0	0	0	0	0	1
396	2586	0.11719457793754988	0.11719457793754988	0.17832303691903587	0.614791122159637	0.11731081881026093	0.12027350080880579	0.3673535700662918	0.9993192982471565	0.4655851546461917	0.24959835727489257	0.25044151472736087	0.13574850065631686	0.005747126436781609	0.005747126436781609	0.017241379310344827	0.5517241379310345	0.005747126436781609	0.008620689655172414	0.1206896551724138	0.9971264367816092	0.05172413793103448	0.02586206896551724	0.028735632183908046	0.01440922190201729	12	31.545454545454547	0.02070573648808136	0	0	0	0	0	0	0	0	0	0	0	0	0	0	1	0	0	0	0	0	0	0	0	1
397	2596	0.11719457793754988	0.11719457793754988	0.17832303691903587	0.614791122159637	0.11731081881026093	0.12027350080880579	0.3673535700662918	0.9993192982471565	0.4655851546461917	0.24959835727489257	0.25044151472736087	0.13574850065631686	0.005747126436781609	0.005747126436781609	0.017241379310344827	0.5517241379310345	0.005747126436781609	0.008620689655172414	0.1206896551724138	0.9971264367816092	0.05172413793103448	0.02586206896551724	0.028735632183908046	0.01440922190201729	12	31.545454545454547	0.02070573648808136	0	0	0	0	0	0	0	0	0	0	0	0	0	0	1	0	0	0	0	0	0	0	0	1
398	2598	0.11719457793754988	0.11719457793754988	0.17832303691903587	0.614791122159637	0.11731081881026093	0.12027350080880579	0.3673535700662918	0.9993192982471565	0.4655851546461917	0.24959835727489257	0.25044151472736087	0.13574850065631686	0.005747126436781609	0.005747126436781609	0.017241379310344827	0.5517241379310345	0.005747126436781609	0.008620689655172414	0.1206896551724138	0.9971264367816092	0.05172413793103448	0.02586206896551724	0.028735632183908046	0.01440922190201729	22	16.523809523809526	0.01238447137721397	0	0	0	0	0	0	0	0	0	0	0	0	0	0	1	0	0	1	0	0	0	0	0	1
399	2236	0.11719457793754988	0.11719457793754988	0.17832303691903587	0.614791122159637	0.11731081881026093	0.12027350080880579	0.3673535700662918	0.9993192982471565	0.4655851546461917	0.24959835727489257	0.25044151472736087	0.13574850065631686	0.005747126436781609	0.005747126436781609	0.017241379310344827	0.5517241379310345	0.005747126436781609	0.008620689655172414	0.1206896551724138	0.9971264367816092	0.05172413793103448	0.02586206896551724	0.028735632183908046	0.01440922190201729	0	0.0	0.0	0	0	0	0	0	0	0	0	0	0	0	0	0	0	0	0	0	0	0	0	0	0	0	0
400	2240	0.11719457793754988	0.11719457793754988	0.17832303691903587	0.614791122159637	0.11731081881026093	0.12027350080880579	0.3673535700662918	0.9993192982471565	0.4655851546461917	0.24959835727489257	0.25044151472736087	0.13574850065631686	0.005747126436781609	0.005747126436781609	0.017241379310344827	0.5517241379310345	0.005747126436781609	0.008620689655172414	0.1206896551724138	0.9971264367816092	0.05172413793103448	0.02586206896551724	0.028735632183908046	0.01440922190201729	3	116.0	0.05691526841943013	0	0	0	0	0	0	0	0	0	0	0	0	0	0	0	0	0	1	0	0	0	0	0	0
401	2262	0.11719457793754988	0.11719457793754988	0.17832303691903587	0.614791122159637	0.11731081881026093	0.12027350080880579	0.3673535700662918	0.9993192982471565	0.4655851546461917	0.24959835727489257	0.25044151472736087	0.13574850065631686	0.005747126436781609	0.005747126436781609	0.017241379310344827	0.5517241379310345	0.005747126436781609	0.008620689655172414	0.1206896551724138	0.9971264367816092	0.05172413793103448	0.02586206896551724	0.028735632183908046	0.01440922190201729	12	29.0	0.022983000836746374	0	0	0	0	0	0	0	0	0	0	0	0	0	0	1	0	0	1	0	0	0	0	0	0
402	2272	0.11719457793754988	0.11719457793754988	0.17832303691903587	0.614791122159637	0.11731081881026093	0.12027350080880579	0.3673535700662918	0.9993192982471565	0.4655851546461917	0.24959835727489257	0.25044151472736087	0.13574850065631686	0.005747126436781609	0.005747126436781609	0.017241379310344827	0.5517241379310345	0.005747126436781609	0.008620689655172414	0.1206896551724138	0.9971264367816092	0.05172413793103448	0.02586206896551724	0.028735632183908046	0.01440922190201729	12	29.0	0.022983000836746374	0	0	0	0	0	0	0	0	0	0	0	0	0	0	1	0	0	1	0	0	0	0	0	0
403	2277	0.11719457793754988	0.11719457793754988	0.17832303691903587	0.614791122159637	0.11731081881026093	0.12027350080880579	0.3673535700662918	0.9993192982471565	0.4655851546461917	0.24959835727489257	0.25044151472736087	0.13574850065631686	0.005747126436781609	0.005747126436781609	0.017241379310344827	0.5517241379310345	0.005747126436781609	0.008620689655172414	0.1206896551724138	0.9971264367816092	0.05172413793103448	0.02586206896551724	0.028735632183908046	0.01440922190201729	6	58.0	0.04077762364028714	0	0	0	0	0	0	0	0	0	0	0	0	0	0	1	0	0	0	0	0	0	0	0	0
404	2284	0.11719457793754988	0.11719457793754988	0.17832303691903587	0.614791122159637	0.11731081881026093	0.12027350080880579	0.3673535700662918	0.9993192982471565	0.4655851546461917	0.24959835727489257	0.25044151472736087	0.13574850065631686	0.005747126436781609	0.005747126436781609	0.017241379310344827	0.5517241379310345	0.005747126436781609	0.008620689655172414	0.1206896551724138	0.9971264367816092	0.05172413793103448	0.02586206896551724	0.028735632183908046	0.01440922190201729	12	31.545454545454547	0.02070573648808136	0	0	0	0	0	0	0	0	0	0	0	0	0	0	1	0	0	0	0	0	0	0	0	1
405	2471	0.11719457793754988	0.11719457793754988	0.17832303691903587	0.614791122159637	0.11731081881026093	0.12027350080880579	0.3673535700662918	0.9993192982471565	0.4655851546461917	0.24959835727489257	0.25044151472736087	0.13574850065631686	0.005747126436781609	0.005747126436781609	0.017241379310344827	0.5517241379310345	0.005747126436781609	0.008620689655172414	0.1206896551724138	0.9971264367816092	0.05172413793103448	0.02586206896551724	0.028735632183908046	0.01440922190201729	12	31.545454545454547	0.02070573648808136	0	0	0	0	0	0	0	0	0	0	0	0	0	0	1	0	0	0	0	0	0	0	0	1
406	2475	0.11719457793754988	0.11719457793754988	0.17832303691903587	0.614791122159637	0.11731081881026093	0.12027350080880579	0.3673535700662918	0.9993192982471565	0.4655851546461917	0.24959835727489257	0.25044151472736087	0.13574850065631686	0.005747126436781609	0.005747126436781609	0.017241379310344827	0.5517241379310345	0.005747126436781609	0.008620689655172414	0.1206896551724138	0.9971264367816092	0.05172413793103448	0.02586206896551724	0.028735632183908046	0.01440922190201729	12	31.545454545454547	0.02070573648808136	0	0	0	0	0	0	0	0	0	0	0	0	0	0	1	0	0	0	0	0	0	0	0	1
407	2484	0.11719457793754988	0.11719457793754988	0.17832303691903587	0.614791122159637	0.11731081881026093	0.12027350080880579	0.3673535700662918	0.9993192982471565	0.4655851546461917	0.24959835727489257	0.25044151472736087	0.13574850065631686	0.005747126436781609	0.005747126436781609	0.017241379310344827	0.5517241379310345	0.005747126436781609	0.008620689655172414	0.1206896551724138	0.9971264367816092	0.05172413793103448	0.02586206896551724	0.028735632183908046	0.01440922190201729	5	69.4	0.08509197817438896	0	0	0	0	0	0	0	0	0	0	0	0	0	0	0	0	0	0	0	0	0	0	0	1
408	2492	0.11719457793754988	0.11719457793754988	0.17832303691903587	0.614791122159637	0.11731081881026093	0.12027350080880579	0.3673535700662918	0.9993192982471565	0.4655851546461917	0.24959835727489257	0.25044151472736087	0.13574850065631686	0.005747126436781609	0.005747126436781609	0.017241379310344827	0.5517241379310345	0.005747126436781609	0.008620689655172414	0.1206896551724138	0.9971264367816092	0.05172413793103448	0.02586206896551724	0.028735632183908046	0.01440922190201729	12	31.545454545454547	0.02070573648808136	0	0	0	0	0	0	0	0	0	0	0	0	0	0	1	0	0	0	0	0	0	0	0	1
409	2633	0.11719457793754988	0.11719457793754988	0.17832303691903587	0.614791122159637	0.11731081881026093	0.12027350080880579	0.3673535700662918	0.9993192982471565	0.4655851546461917	0.24959835727489257	0.25044151472736087	0.13574850065631686	0.005747126436781609	0.005747126436781609	0.017241379310344827	0.5517241379310345	0.005747126436781609	0.008620689655172414	0.1206896551724138	0.9971264367816092	0.05172413793103448	0.02586206896551724	0.028735632183908046	0.01440922190201729	3	116.0	0.05691526841943013	0	0	0	0	0	0	0	0	0	0	0	0	0	0	0	0	0	1	0	0	0	0	0	0
410	2650	0.11719457793754988	0.11719457793754988	0.17832303691903587	0.614791122159637	0.11731081881026093	0.12027350080880579	0.3673535700662918	0.9993192982471565	0.4655851546461917	0.24959835727489257	0.25044151472736087	0.13574850065631686	0.005747126436781609	0.005747126436781609	0.017241379310344827	0.5517241379310345	0.005747126436781609	0.008620689655172414	0.1206896551724138	0.9971264367816092	0.05172413793103448	0.02586206896551724	0.028735632183908046	0.01440922190201729	5	69.4	0.08509197817438896	0	0	0	0	0	0	0	0	0	0	0	0	0	0	0	0	0	0	0	0	0	0	0	1
411	2652	0.11719457793754988	0.11719457793754988	0.17832303691903587	0.614791122159637	0.11731081881026093	0.12027350080880579	0.3673535700662918	0.9993192982471565	0.4655851546461917	0.24959835727489257	0.25044151472736087	0.13574850065631686	0.005747126436781609	0.005747126436781609	0.017241379310344827	0.5517241379310345	0.005747126436781609	0.008620689655172414	0.1206896551724138	0.9971264367816092	0.05172413793103448	0.02586206896551724	0.028735632183908046	0.01440922190201729	5	69.4	0.08509197817438896	0	0	0	0	0	0	0	0	0	0	0	0	0	0	0	0	0	0	0	0	0	0	0	1
412	2658	0.11719457793754988	0.11719457793754988	0.17832303691903587	0.614791122159637	0.11731081881026093	0.12027350080880579	0.3673535700662918	0.9993192982471565	0.4655851546461917	0.24959835727489257	0.25044151472736087	0.13574850065631686	0.005747126436781609	0.005747126436781609	0.017241379310344827	0.5517241379310345	0.005747126436781609	0.008620689655172414	0.1206896551724138	0.9971264367816092	0.05172413793103448	0.02586206896551724	0.028735632183908046	0.01440922190201729	5	69.4	0.08509197817438896	0	0	0	0	0	0	0	0	0	0	0	0	0	0	0	0	0	0	0	0	0	0	0	1
413	2237	0.11719457793754988	0.11719457793754988	0.17832303691903587	0.614791122159637	0.11731081881026093	0.12027350080880579	0.3673535700662918	0.9993192982471565	0.4655851546461917	0.24959835727489257	0.25044151472736087	0.13574850065631686	0.005747126436781609	0.005747126436781609	0.017241379310344827	0.5517241379310345	0.005747126436781609	0.008620689655172414	0.1206896551724138	0.9971264367816092	0.05172413793103448	0.02586206896551724	0.028735632183908046	0.01440922190201729	0	0.0	0.0	0	0	0	0	0	0	0	0	0	0	0	0	0	0	0	0	0	0	0	0	0	0	0	0
414	2259	0.11719457793754988	0.11719457793754988	0.17832303691903587	0.614791122159637	0.11731081881026093	0.12027350080880579	0.3673535700662918	0.9993192982471565	0.4655851546461917	0.24959835727489257	0.25044151472736087	0.13574850065631686	0.005747126436781609	0.005747126436781609	0.017241379310344827	0.5517241379310345	0.005747126436781609	0.008620689655172414	0.1206896551724138	0.9971264367816092	0.05172413793103448	0.02586206896551724	0.028735632183908046	0.01440922190201729	2	174.0	0.0036414982164090347	0	0	0	0	0	0	0	0	0	0	0	0	0	1	0	0	0	0	0	0	0	0	0	0
415	2260	0.11719457793754988	0.11719457793754988	0.17832303691903587	0.614791122159637	0.11731081881026093	0.12027350080880579	0.3673535700662918	0.9993192982471565	0.4655851546461917	0.24959835727489257	0.25044151472736087	0.13574850065631686	0.005747126436781609	0.005747126436781609	0.017241379310344827	0.5517241379310345	0.005747126436781609	0.008620689655172414	0.1206896551724138	0.9971264367816092	0.05172413793103448	0.02586206896551724	0.028735632183908046	0.01440922190201729	3	116.0	0.05691526841943013	0	0	0	0	0	0	0	0	0	0	0	0	0	1	0	0	0	1	0	0	0	0	0	0
416	2291	0.11719457793754988	0.11719457793754988	0.17832303691903587	0.614791122159637	0.11731081881026093	0.12027350080880579	0.3673535700662918	0.9993192982471565	0.4655851546461917	0.24959835727489257	0.25044151472736087	0.13574850065631686	0.005747126436781609	0.005747126436781609	0.017241379310344827	0.5517241379310345	0.005747126436781609	0.008620689655172414	0.1206896551724138	0.9971264367816092	0.05172413793103448	0.02586206896551724	0.028735632183908046	0.01440922190201729	6	58.0	0.04077762364028714	0	0	0	0	0	0	0	0	0	0	0	0	0	0	1	0	0	0	0	0	0	0	0	0
417	2462	0.11719457793754988	0.11719457793754988	0.17832303691903587	0.614791122159637	0.11731081881026093	0.12027350080880579	0.3673535700662918	0.9993192982471565	0.4655851546461917	0.24959835727489257	0.25044151472736087	0.13574850065631686	0.005747126436781609	0.005747126436781609	0.017241379310344827	0.5517241379310345	0.005747126436781609	0.008620689655172414	0.1206896551724138	0.9971264367816092	0.05172413793103448	0.02586206896551724	0.028735632183908046	0.01440922190201729	3	116.0	0.05691526841943013	0	0	0	0	0	0	0	0	0	0	0	0	0	0	0	0	0	1	0	0	0	0	0	0
418	2464	0.11719457793754988	0.11719457793754988	0.17832303691903587	0.614791122159637	0.11731081881026093	0.12027350080880579	0.3673535700662918	0.9993192982471565	0.4655851546461917	0.24959835727489257	0.25044151472736087	0.13574850065631686	0.005747126436781609	0.005747126436781609	0.017241379310344827	0.5517241379310345	0.005747126436781609	0.008620689655172414	0.1206896551724138	0.9971264367816092	0.05172413793103448	0.02586206896551724	0.028735632183908046	0.01440922190201729	3	116.0	0.05691526841943013	0	0	0	0	0	0	0	0	0	0	0	0	0	0	0	0	1	1	0	0	0	0	0	0
419	2477	0.11719457793754988	0.11719457793754988	0.17832303691903587	0.614791122159637	0.11731081881026093	0.12027350080880579	0.3673535700662918	0.9993192982471565	0.4655851546461917	0.24959835727489257	0.25044151472736087	0.13574850065631686	0.005747126436781609	0.005747126436781609	0.017241379310344827	0.5517241379310345	0.005747126436781609	0.008620689655172414	0.1206896551724138	0.9971264367816092	0.05172413793103448	0.02586206896551724	0.028735632183908046	0.01440922190201729	10	34.8	0.02209803144404809	0	0	0	0	0	0	0	0	0	0	0	0	0	0	0	0	1	1	0	0	0	0	1	0
420	2490	0.11719457793754988	0.11719457793754988	0.17832303691903587	0.614791122159637	0.11731081881026093	0.12027350080880579	0.3673535700662918	0.9993192982471565	0.4655851546461917	0.24959835727489257	0.25044151472736087	0.13574850065631686	0.005747126436781609	0.005747126436781609	0.017241379310344827	0.5517241379310345	0.005747126436781609	0.008620689655172414	0.1206896551724138	0.9971264367816092	0.05172413793103448	0.02586206896551724	0.028735632183908046	0.01440922190201729	11	34.7	0.022197759303706533	0	0	0	0	0	0	0	0	0	0	0	0	0	0	0	0	1	1	0	0	0	0	0	1
421	2594	0.11719457793754988	0.11719457793754988	0.17832303691903587	0.614791122159637	0.11731081881026093	0.12027350080880579	0.3673535700662918	0.9993192982471565	0.4655851546461917	0.24959835727489257	0.25044151472736087	0.13574850065631686	0.005747126436781609	0.005747126436781609	0.017241379310344827	0.5517241379310345	0.005747126436781609	0.008620689655172414	0.1206896551724138	0.9971264367816092	0.05172413793103448	0.02586206896551724	0.028735632183908046	0.01440922190201729	2	174.0	0.0036414982164090347	0	0	0	0	0	0	0	0	0	0	0	0	0	1	0	0	0	0	0	0	0	0	0	0
422	2595	0.11719457793754988	0.11719457793754988	0.17832303691903587	0.614791122159637	0.11731081881026093	0.12027350080880579	0.3673535700662918	0.9993192982471565	0.4655851546461917	0.24959835727489257	0.25044151472736087	0.13574850065631686	0.005747126436781609	0.005747126436781609	0.017241379310344827	0.5517241379310345	0.005747126436781609	0.008620689655172414	0.1206896551724138	0.9971264367816092	0.05172413793103448	0.02586206896551724	0.028735632183908046	0.01440922190201729	3	116.0	0.05691526841943013	0	0	0	0	0	0	0	0	0	0	0	0	0	1	0	0	0	1	0	0	0	0	0	0
423	2597	0.11719457793754988	0.11719457793754988	0.17832303691903587	0.614791122159637	0.11731081881026093	0.12027350080880579	0.3673535700662918	0.9993192982471565	0.4655851546461917	0.24959835727489257	0.25044151472736087	0.13574850065631686	0.005747126436781609	0.005747126436781609	0.017241379310344827	0.5517241379310345	0.005747126436781609	0.008620689655172414	0.1206896551724138	0.9971264367816092	0.05172413793103448	0.02586206896551724	0.028735632183908046	0.01440922190201729	6	58.0	0.04077762364028714	0	0	0	0	0	0	0	0	0	0	0	0	0	0	1	0	0	0	0	0	0	0	0	0
424	2601	0.11719457793754988	0.11719457793754988	0.17832303691903587	0.614791122159637	0.11731081881026093	0.12027350080880579	0.3673535700662918	0.9993192982471565	0.4655851546461917	0.24959835727489257	0.25044151472736087	0.13574850065631686	0.005747126436781609	0.005747126436781609	0.017241379310344827	0.5517241379310345	0.005747126436781609	0.008620689655172414	0.1206896551724138	0.9971264367816092	0.05172413793103448	0.02586206896551724	0.028735632183908046	0.01440922190201729	3	116.0	0.05691526841943013	0	0	0	0	0	0	0	0	0	0	0	0	0	0	0	0	0	1	0	0	0	0	0	0
425	2602	0.11719457793754988	0.11719457793754988	0.17832303691903587	0.614791122159637	0.11731081881026093	0.12027350080880579	0.3673535700662918	0.9993192982471565	0.4655851546461917	0.24959835727489257	0.25044151472736087	0.13574850065631686	0.005747126436781609	0.005747126436781609	0.017241379310344827	0.5517241379310345	0.005747126436781609	0.008620689655172414	0.1206896551724138	0.9971264367816092	0.05172413793103448	0.02586206896551724	0.028735632183908046	0.01440922190201729	3	116.0	0.05691526841943013	0	0	0	0	0	0	0	0	0	0	0	0	0	0	0	0	1	1	0	0	0	0	0	0
426	2606	0.11719457793754988	0.11719457793754988	0.17832303691903587	0.614791122159637	0.11731081881026093	0.12027350080880579	0.3673535700662918	0.9993192982471565	0.4655851546461917	0.24959835727489257	0.25044151472736087	0.13574850065631686	0.005747126436781609	0.005747126436781609	0.017241379310344827	0.5517241379310345	0.005747126436781609	0.008620689655172414	0.1206896551724138	0.9971264367816092	0.05172413793103448	0.02586206896551724	0.028735632183908046	0.01440922190201729	11	34.7	0.022197759303706533	0	0	0	0	0	0	0	0	0	0	0	0	0	0	0	0	1	1	0	0	0	0	0	1
427	2257	0.11719457793754988	0.11719457793754988	0.17832303691903587	0.614791122159637	0.11731081881026093	0.12027350080880579	0.3673535700662918	0.9993192982471565	0.4655851546461917	0.24959835727489257	0.25044151472736087	0.13574850065631686	0.005747126436781609	0.005747126436781609	0.017241379310344827	0.5517241379310345	0.005747126436781609	0.008620689655172414	0.1206896551724138	0.9971264367816092	0.05172413793103448	0.02586206896551724	0.028735632183908046	0.01440922190201729	0	0.0	0.0	0	0	0	0	0	0	0	0	0	0	0	0	0	0	0	0	0	0	0	0	0	0	0	0
428	2293	0.11719457793754988	0.11719457793754988	0.17832303691903587	0.614791122159637	0.11731081881026093	0.12027350080880579	0.3673535700662918	0.9993192982471565	0.4655851546461917	0.24959835727489257	0.25044151472736087	0.13574850065631686	0.005747126436781609	0.005747126436781609	0.017241379310344827	0.5517241379310345	0.005747126436781609	0.008620689655172414	0.1206896551724138	0.9971264367816092	0.05172413793103448	0.02586206896551724	0.028735632183908046	0.01440922190201729	2	174.0	0.0036414982164090347	0	0	0	0	0	0	0	0	0	0	0	0	0	1	0	0	0	0	0	0	0	0	0	0
429	2301	0.11719457793754988	0.11719457793754988	0.17832303691903587	0.614791122159637	0.11731081881026093	0.12027350080880579	0.3673535700662918	0.9993192982471565	0.4655851546461917	0.24959835727489257	0.25044151472736087	0.13574850065631686	0.005747126436781609	0.005747126436781609	0.017241379310344827	0.5517241379310345	0.005747126436781609	0.008620689655172414	0.1206896551724138	0.9971264367816092	0.05172413793103448	0.02586206896551724	0.028735632183908046	0.01440922190201729	3	116.0	0.05691526841943013	0	0	0	0	0	0	0	0	0	0	0	0	0	1	0	0	0	1	0	0	0	0	0	0
430	2353	0.11719457793754988	0.11719457793754988	0.17832303691903587	0.614791122159637	0.11731081881026093	0.12027350080880579	0.3673535700662918	0.9993192982471565	0.4655851546461917	0.24959835727489257	0.25044151472736087	0.13574850065631686	0.005747126436781609	0.005747126436781609	0.017241379310344827	0.5517241379310345	0.005747126436781609	0.008620689655172414	0.1206896551724138	0.9971264367816092	0.05172413793103448	0.02586206896551724	0.028735632183908046	0.01440922190201729	6	58.0	0.04077762364028714	0	0	0	0	0	0	0	0	0	0	0	0	0	0	1	0	0	0	0	0	0	0	0	0
431	2362	0.11719457793754988	0.11719457793754988	0.17832303691903587	0.614791122159637	0.11731081881026093	0.12027350080880579	0.3673535700662918	0.9993192982471565	0.4655851546461917	0.24959835727489257	0.25044151472736087	0.13574850065631686	0.005747126436781609	0.005747126436781609	0.017241379310344827	0.5517241379310345	0.005747126436781609	0.008620689655172414	0.1206896551724138	0.9971264367816092	0.05172413793103448	0.02586206896551724	0.028735632183908046	0.01440922190201729	6	58.0	0.04077762364028714	0	0	0	0	0	0	0	0	0	0	0	0	0	0	1	0	0	0	0	0	0	0	0	0
432	2368	0.11719457793754988	0.11719457793754988	0.17832303691903587	0.614791122159637	0.11731081881026093	0.12027350080880579	0.3673535700662918	0.9993192982471565	0.4655851546461917	0.24959835727489257	0.25044151472736087	0.13574850065631686	0.005747126436781609	0.005747126436781609	0.017241379310344827	0.5517241379310345	0.005747126436781609	0.008620689655172414	0.1206896551724138	0.9971264367816092	0.05172413793103448	0.02586206896551724	0.028735632183908046	0.01440922190201729	12	29.0	0.02298300083674638	0	0	0	0	0	0	0	0	0	0	0	0	0	0	1	0	0	1	0	0	0	0	0	0
433	2474	0.11719457793754988	0.11719457793754988	0.17832303691903587	0.614791122159637	0.11731081881026093	0.12027350080880579	0.3673535700662918	0.9993192982471565	0.4655851546461917	0.24959835727489257	0.25044151472736087	0.13574850065631686	0.005747126436781609	0.005747126436781609	0.017241379310344827	0.5517241379310345	0.005747126436781609	0.008620689655172414	0.1206896551724138	0.9971264367816092	0.05172413793103448	0.02586206896551724	0.028735632183908046	0.01440922190201729	51	6.823529411764706	0.00023596826916322171	0	0	0	0	0	0	0	0	0	0	0	0	0	0	1	0	0	1	0	0	1	0	0	0
434	2483	0.11719457793754988	0.11719457793754988	0.17832303691903587	0.614791122159637	0.11731081881026093	0.12027350080880579	0.3673535700662918	0.9993192982471565	0.4655851546461917	0.24959835727489257	0.25044151472736087	0.13574850065631686	0.005747126436781609	0.005747126436781609	0.017241379310344827	0.5517241379310345	0.005747126436781609	0.008620689655172414	0.1206896551724138	0.9971264367816092	0.05172413793103448	0.02586206896551724	0.028735632183908046	0.01440922190201729	12	31.545454545454547	0.02070573648808136	0	0	0	0	0	0	0	0	0	0	0	0	0	0	1	0	0	0	0	0	0	0	0	1
435	2485	0.11719457793754988	0.11719457793754988	0.17832303691903587	0.614791122159637	0.11731081881026093	0.12027350080880579	0.3673535700662918	0.9993192982471565	0.4655851546461917	0.24959835727489257	0.25044151472736087	0.13574850065631686	0.005747126436781609	0.005747126436781609	0.017241379310344827	0.5517241379310345	0.005747126436781609	0.008620689655172414	0.1206896551724138	0.9971264367816092	0.05172413793103448	0.02586206896551724	0.028735632183908046	0.01440922190201729	12	31.545454545454547	0.02070573648808136	0	0	0	0	0	0	0	0	0	0	0	0	0	0	1	0	0	0	0	0	0	0	0	1
436	2486	0.11719457793754988	0.11719457793754988	0.17832303691903587	0.614791122159637	0.11731081881026093	0.12027350080880579	0.3673535700662918	0.9993192982471565	0.4655851546461917	0.24959835727489257	0.25044151472736087	0.13574850065631686	0.005747126436781609	0.005747126436781609	0.017241379310344827	0.5517241379310345	0.005747126436781609	0.008620689655172414	0.1206896551724138	0.9971264367816092	0.05172413793103448	0.02586206896551724	0.028735632183908046	0.01440922190201729	12	31.545454545454547	0.02070573648808136	0	0	0	0	0	0	0	0	0	0	0	0	0	0	1	0	0	0	0	0	0	0	0	1
437	2493	0.11719457793754988	0.11719457793754988	0.17832303691903587	0.614791122159637	0.11731081881026093	0.12027350080880579	0.3673535700662918	0.9993192982471565	0.4655851546461917	0.24959835727489257	0.25044151472736087	0.13574850065631686	0.005747126436781609	0.005747126436781609	0.017241379310344827	0.5517241379310345	0.005747126436781609	0.008620689655172414	0.1206896551724138	0.9971264367816092	0.05172413793103448	0.02586206896551724	0.028735632183908046	0.01440922190201729	12	31.545454545454547	0.02070573648808136	0	0	0	0	0	0	0	0	0	0	0	0	0	0	1	0	0	0	0	0	0	0	0	1
438	2502	0.11719457793754988	0.11719457793754988	0.17832303691903587	0.614791122159637	0.11731081881026093	0.12027350080880579	0.3673535700662918	0.9993192982471565	0.4655851546461917	0.24959835727489257	0.25044151472736087	0.13574850065631686	0.005747126436781609	0.005747126436781609	0.017241379310344827	0.5517241379310345	0.005747126436781609	0.008620689655172414	0.1206896551724138	0.9971264367816092	0.05172413793103448	0.02586206896551724	0.028735632183908046	0.01440922190201729	5	69.4	0.08509197817438896	0	0	0	0	0	0	0	0	0	0	0	0	0	0	0	0	0	0	0	0	0	0	0	1
439	2333	0.11719457793754988	0.11719457793754988	0.17832303691903587	0.614791122159637	0.11731081881026093	0.12027350080880579	0.3673535700662918	0.9993192982471565	0.4655851546461917	0.24959835727489257	0.25044151472736087	0.13574850065631686	0.005747126436781609	0.005747126436781609	0.017241379310344827	0.5517241379310345	0.005747126436781609	0.008620689655172414	0.1206896551724138	0.9971264367816092	0.05172413793103448	0.02586206896551724	0.028735632183908046	0.01440922190201729	0	0.0	0.0	0	0	0	0	0	0	0	0	0	0	0	0	0	0	0	0	0	0	0	0	0	0	0	0
440	2335	0.11719457793754988	0.11719457793754988	0.17832303691903587	0.614791122159637	0.11731081881026093	0.12027350080880579	0.3673535700662918	0.9993192982471565	0.4655851546461917	0.24959835727489257	0.25044151472736087	0.13574850065631686	0.005747126436781609	0.005747126436781609	0.017241379310344827	0.5517241379310345	0.005747126436781609	0.008620689655172414	0.1206896551724138	0.9971264367816092	0.05172413793103448	0.02586206896551724	0.028735632183908046	0.01440922190201729	2	174.0	0.0036414982164090347	0	0	0	0	0	0	0	0	0	0	0	0	0	1	0	0	0	0	0	0	0	0	0	0
441	2438	0.11719457793754988	0.11719457793754988	0.17832303691903587	0.614791122159637	0.11731081881026093	0.12027350080880579	0.3673535700662918	0.9993192982471565	0.4655851546461917	0.24959835727489257	0.25044151472736087	0.13574850065631686	0.005747126436781609	0.005747126436781609	0.017241379310344827	0.5517241379310345	0.005747126436781609	0.008620689655172414	0.1206896551724138	0.9971264367816092	0.05172413793103448	0.02586206896551724	0.028735632183908046	0.01440922190201729	5	69.4	0.08509197817438896	0	0	0	0	0	0	0	0	0	0	0	0	0	0	0	0	0	0	0	0	0	0	0	1
442	2451	0.11719457793754988	0.11719457793754988	0.17832303691903587	0.614791122159637	0.11731081881026093	0.12027350080880579	0.3673535700662918	0.9993192982471565	0.4655851546461917	0.24959835727489257	0.25044151472736087	0.13574850065631686	0.005747126436781609	0.005747126436781609	0.017241379310344827	0.5517241379310345	0.005747126436781609	0.008620689655172414	0.1206896551724138	0.9971264367816092	0.05172413793103448	0.02586206896551724	0.028735632183908046	0.01440922190201729	6	58.0	0.04077762364028714	0	0	0	0	0	0	0	0	0	0	0	0	0	0	1	0	0	0	0	0	0	0	0	0
443	2524	0.07930391451525155	0.07930391451525155	0.0	0.9965598748320971	0.07700148179515003	0.08435129173176244	0.15977381782747332	0.9982799374160485	0.5400068291403872	0.23490136954362015	0.23655819712738332	0.1832076738842535	0.012578616352201259	0.012578616352201259	0.006289308176100629	0.9874213836477987	0.012578616352201259	0.018867924528301886	0.050314465408805034	0.9937106918238994	0.11320754716981132	0.05660377358490566	0.06289308176100629	0.03164556962025317	0	0.0	0.0	0	0	0	0	0	0	0	0	0	0	0	0	0	0	0	0	0	0	0	0	0	0	0	0
444	2566	0.11719457793754988	0.11719457793754988	0.17832303691903587	0.614791122159637	0.11731081881026093	0.12027350080880579	0.3673535700662918	0.9993192982471565	0.4655851546461917	0.24959835727489257	0.25044151472736087	0.13574850065631686	0.005747126436781609	0.005747126436781609	0.017241379310344827	0.5517241379310345	0.005747126436781609	0.008620689655172414	0.1206896551724138	0.9971264367816092	0.05172413793103448	0.02586206896551724	0.028735632183908046	0.01440922190201729	0	0.0	0.0	0	0	0	0	0	0	0	0	0	0	0	0	0	0	0	0	0	0	0	0	0	0	0	0
445	2569	0.11719457793754988	0.11719457793754988	0.17832303691903587	0.614791122159637	0.11731081881026093	0.12027350080880579	0.3673535700662918	0.9993192982471565	0.4655851546461917	0.24959835727489257	0.25044151472736087	0.13574850065631686	0.005747126436781609	0.005747126436781609	0.017241379310344827	0.5517241379310345	0.005747126436781609	0.008620689655172414	0.1206896551724138	0.9971264367816092	0.05172413793103448	0.02586206896551724	0.028735632183908046	0.01440922190201729	5	69.4	0.08509197817438896	0	0	0	0	0	0	0	0	0	0	0	0	0	0	0	0	0	0	0	0	0	0	0	1
446	2670	0.11719457793754988	0.11719457793754988	0.17832303691903587	0.614791122159637	0.11731081881026093	0.12027350080880579	0.3673535700662918	0.9993192982471565	0.4655851546461917	0.24959835727489257	0.25044151472736087	0.13574850065631686	0.005747126436781609	0.005747126436781609	0.017241379310344827	0.5517241379310345	0.005747126436781609	0.008620689655172414	0.1206896551724138	0.9971264367816092	0.05172413793103448	0.02586206896551724	0.028735632183908046	0.01440922190201729	3	116.0	0.05691526841943013	0	0	0	0	0	0	0	0	0	0	0	0	0	0	0	0	0	1	0	0	0	0	0	0
447	2389	0.11719457793754988	0.11719457793754988	0.17832303691903587	0.614791122159637	0.11731081881026093	0.12027350080880579	0.3673535700662918	0.9993192982471565	0.4655851546461917	0.24959835727489257	0.25044151472736087	0.13574850065631686	0.005747126436781609	0.005747126436781609	0.017241379310344827	0.5517241379310345	0.005747126436781609	0.008620689655172414	0.1206896551724138	0.9971264367816092	0.05172413793103448	0.02586206896551724	0.028735632183908046	0.01440922190201729	0	0.0	0.0	0	0	0	0	0	0	0	0	0	0	0	0	0	0	0	0	0	0	0	0	0	0	0	0
448	2420	0.11719457793754988	0.11719457793754988	0.17832303691903587	0.614791122159637	0.11731081881026093	0.12027350080880579	0.3673535700662918	0.9993192982471565	0.4655851546461917	0.24959835727489257	0.25044151472736087	0.13574850065631686	0.005747126436781609	0.005747126436781609	0.017241379310344827	0.5517241379310345	0.005747126436781609	0.008620689655172414	0.1206896551724138	0.9971264367816092	0.05172413793103448	0.02586206896551724	0.028735632183908046	0.01440922190201729	6	58.0	0.04077762364028714	0	0	0	0	0	0	0	0	0	0	0	0	0	0	1	0	0	0	0	0	0	0	0	0
449	2455	0.11719457793754988	0.11719457793754988	0.17832303691903587	0.614791122159637	0.11731081881026093	0.12027350080880579	0.3673535700662918	0.9993192982471565	0.4655851546461917	0.24959835727489257	0.25044151472736087	0.13574850065631686	0.005747126436781609	0.005747126436781609	0.017241379310344827	0.5517241379310345	0.005747126436781609	0.008620689655172414	0.1206896551724138	0.9971264367816092	0.05172413793103448	0.02586206896551724	0.028735632183908046	0.01440922190201729	2	174.0	0.0036414982164090347	0	0	0	0	0	0	0	0	0	0	0	0	0	1	0	0	0	0	0	0	0	0	0	0
450	2459	0.11719457793754988	0.11719457793754988	0.17832303691903587	0.614791122159637	0.11731081881026093	0.12027350080880579	0.3673535700662918	0.9993192982471565	0.4655851546461917	0.24959835727489257	0.25044151472736087	0.13574850065631686	0.005747126436781609	0.005747126436781609	0.017241379310344827	0.5517241379310345	0.005747126436781609	0.008620689655172414	0.1206896551724138	0.9971264367816092	0.05172413793103448	0.02586206896551724	0.028735632183908046	0.01440922190201729	3	116.0	0.05691526841943013	0	0	0	0	0	0	0	0	0	0	0	0	0	1	0	0	0	1	0	0	0	0	0	0
451	2488	0.11719457793754988	0.11719457793754988	0.17832303691903587	0.614791122159637	0.11731081881026093	0.12027350080880579	0.3673535700662918	0.9993192982471565	0.4655851546461917	0.24959835727489257	0.25044151472736087	0.13574850065631686	0.005747126436781609	0.005747126436781609	0.017241379310344827	0.5517241379310345	0.005747126436781609	0.008620689655172414	0.1206896551724138	0.9971264367816092	0.05172413793103448	0.02586206896551724	0.028735632183908046	0.01440922190201729	3	116.0	0.05691526841943013	0	0	0	0	0	0	0	0	0	0	0	0	0	1	0	0	0	1	0	0	0	0	0	0
452	2543	0.11719457793754988	0.11719457793754988	0.17832303691903587	0.614791122159637	0.11731081881026093	0.12027350080880579	0.3673535700662918	0.9993192982471565	0.4655851546461917	0.24959835727489257	0.25044151472736087	0.13574850065631686	0.005747126436781609	0.005747126436781609	0.017241379310344827	0.5517241379310345	0.005747126436781609	0.008620689655172414	0.1206896551724138	0.9971264367816092	0.05172413793103448	0.02586206896551724	0.028735632183908046	0.01440922190201729	11	34.7	0.02219775930370653	0	0	0	0	0	0	0	0	0	0	0	0	0	1	0	0	0	1	0	0	0	0	0	1
453	2574	0.11719457793754988	0.11719457793754988	0.17832303691903587	0.614791122159637	0.11731081881026093	0.12027350080880579	0.3673535700662918	0.9993192982471565	0.4655851546461917	0.24959835727489257	0.25044151472736087	0.13574850065631686	0.005747126436781609	0.005747126436781609	0.017241379310344827	0.5517241379310345	0.005747126436781609	0.008620689655172414	0.1206896551724138	0.9971264367816092	0.05172413793103448	0.02586206896551724	0.028735632183908046	0.01440922190201729	0	0.0	0.0	0	0	0	0	0	0	0	0	0	0	0	0	0	0	0	0	0	0	0	0	0	0	0	0
454	2576	0.11719457793754988	0.11719457793754988	0.17832303691903587	0.614791122159637	0.11731081881026093	0.12027350080880579	0.3673535700662918	0.9993192982471565	0.4655851546461917	0.24959835727489257	0.25044151472736087	0.13574850065631686	0.005747126436781609	0.005747126436781609	0.017241379310344827	0.5517241379310345	0.005747126436781609	0.008620689655172414	0.1206896551724138	0.9971264367816092	0.05172413793103448	0.02586206896551724	0.028735632183908046	0.01440922190201729	2	174.0	0.0036414982164090347	0	0	0	0	0	0	0	0	0	0	0	0	0	1	0	0	0	0	0	0	0	0	0	0
455	2578	0.11719457793754988	0.11719457793754988	0.17832303691903587	0.614791122159637	0.11731081881026093	0.12027350080880579	0.3673535700662918	0.9993192982471565	0.4655851546461917	0.24959835727489257	0.25044151472736087	0.13574850065631686	0.005747126436781609	0.005747126436781609	0.017241379310344827	0.5517241379310345	0.005747126436781609	0.008620689655172414	0.1206896551724138	0.9971264367816092	0.05172413793103448	0.02586206896551724	0.028735632183908046	0.01440922190201729	3	116.0	0.05691526841943013	0	0	0	0	0	0	0	0	0	0	0	0	0	1	0	0	0	1	0	0	0	0	0	0
456	2582	0.11719457793754988	0.11719457793754988	0.17832303691903587	0.614791122159637	0.11731081881026093	0.12027350080880579	0.3673535700662918	0.9993192982471565	0.4655851546461917	0.24959835727489257	0.25044151472736087	0.13574850065631686	0.005747126436781609	0.005747126436781609	0.017241379310344827	0.5517241379310345	0.005747126436781609	0.008620689655172414	0.1206896551724138	0.9971264367816092	0.05172413793103448	0.02586206896551724	0.028735632183908046	0.01440922190201729	6	58.0	0.04077762364028714	0	0	0	0	0	0	0	0	0	0	0	0	0	0	1	0	0	0	0	0	0	0	0	0
457	2583	0.11719457793754988	0.11719457793754988	0.17832303691903587	0.614791122159637	0.11731081881026093	0.12027350080880579	0.3673535700662918	0.9993192982471565	0.4655851546461917	0.24959835727489257	0.25044151472736087	0.13574850065631686	0.005747126436781609	0.005747126436781609	0.017241379310344827	0.5517241379310345	0.005747126436781609	0.008620689655172414	0.1206896551724138	0.9971264367816092	0.05172413793103448	0.02586206896551724	0.028735632183908046	0.01440922190201729	5	69.4	0.08509197817438896	0	0	0	0	0	0	0	0	0	0	0	0	0	0	0	0	0	0	0	0	0	0	0	1
458	2605	0.11719457793754988	0.11719457793754988	0.17832303691903587	0.614791122159637	0.11731081881026093	0.12027350080880579	0.3673535700662918	0.9993192982471565	0.4655851546461917	0.24959835727489257	0.25044151472736087	0.13574850065631686	0.005747126436781609	0.005747126436781609	0.017241379310344827	0.5517241379310345	0.005747126436781609	0.008620689655172414	0.1206896551724138	0.9971264367816092	0.05172413793103448	0.02586206896551724	0.028735632183908046	0.01440922190201729	0	0.0	0.0	0	0	0	0	0	0	0	0	0	0	0	0	0	0	0	0	0	0	0	0	0	0	0	0
459	2607	0.11719457793754988	0.11719457793754988	0.17832303691903587	0.614791122159637	0.11731081881026093	0.12027350080880579	0.3673535700662918	0.9993192982471565	0.4655851546461917	0.24959835727489257	0.25044151472736087	0.13574850065631686	0.005747126436781609	0.005747126436781609	0.017241379310344827	0.5517241379310345	0.005747126436781609	0.008620689655172414	0.1206896551724138	0.9971264367816092	0.05172413793103448	0.02586206896551724	0.028735632183908046	0.01440922190201729	2	174.0	0.0036414982164090347	0	0	0	0	0	0	0	0	0	0	0	0	0	1	0	0	0	0	0	0	0	0	0	0
460	2608	0.11719457793754988	0.11719457793754988	0.17832303691903587	0.614791122159637	0.11731081881026093	0.12027350080880579	0.3673535700662918	0.9993192982471565	0.4655851546461917	0.24959835727489257	0.25044151472736087	0.13574850065631686	0.005747126436781609	0.005747126436781609	0.017241379310344827	0.5517241379310345	0.005747126436781609	0.008620689655172414	0.1206896551724138	0.9971264367816092	0.05172413793103448	0.02586206896551724	0.028735632183908046	0.01440922190201729	3	116.0	0.05691526841943013	0	0	0	0	0	0	0	0	0	0	0	0	0	1	0	0	0	1	0	0	0	0	0	0
461	2610	0.11719457793754988	0.11719457793754988	0.17832303691903587	0.614791122159637	0.11731081881026093	0.12027350080880579	0.3673535700662918	0.9993192982471565	0.4655851546461917	0.24959835727489257	0.25044151472736087	0.13574850065631686	0.005747126436781609	0.005747126436781609	0.017241379310344827	0.5517241379310345	0.005747126436781609	0.008620689655172414	0.1206896551724138	0.9971264367816092	0.05172413793103448	0.02586206896551724	0.028735632183908046	0.01440922190201729	5	69.4	0.08509197817438896	0	0	0	0	0	0	0	0	0	0	0	0	0	0	0	0	0	0	0	0	0	0	0	1
462	2622	0.11719457793754988	0.11719457793754988	0.17832303691903587	0.614791122159637	0.11731081881026093	0.12027350080880579	0.3673535700662918	0.9993192982471565	0.4655851546461917	0.24959835727489257	0.25044151472736087	0.13574850065631686	0.005747126436781609	0.005747126436781609	0.017241379310344827	0.5517241379310345	0.005747126436781609	0.008620689655172414	0.1206896551724138	0.9971264367816092	0.05172413793103448	0.02586206896551724	0.028735632183908046	0.01440922190201729	0	0.0	0.0	0	0	0	0	0	0	0	0	0	0	0	0	0	0	0	0	0	0	0	0	0	0	0	0
463	2624	0.11719457793754988	0.11719457793754988	0.17832303691903587	0.614791122159637	0.11731081881026093	0.12027350080880579	0.3673535700662918	0.9993192982471565	0.4655851546461917	0.24959835727489257	0.25044151472736087	0.13574850065631686	0.005747126436781609	0.005747126436781609	0.017241379310344827	0.5517241379310345	0.005747126436781609	0.008620689655172414	0.1206896551724138	0.9971264367816092	0.05172413793103448	0.02586206896551724	0.028735632183908046	0.01440922190201729	2	174.0	0.0036414982164090347	0	0	0	0	0	0	0	0	0	0	0	0	0	1	0	0	0	0	0	0	0	0	0	0
464	2636	0.11719457793754988	0.11719457793754988	0.17832303691903587	0.614791122159637	0.11731081881026093	0.12027350080880579	0.3673535700662918	0.9993192982471565	0.4655851546461917	0.24959835727489257	0.25044151472736087	0.13574850065631686	0.005747126436781609	0.005747126436781609	0.017241379310344827	0.5517241379310345	0.005747126436781609	0.008620689655172414	0.1206896551724138	0.9971264367816092	0.05172413793103448	0.02586206896551724	0.028735632183908046	0.01440922190201729	9	38.666666666666664	0.023307790549169864	0	0	0	0	0	0	0	0	0	0	0	0	0	0	0	0	0	0	0	0	0	1	0	0
465	2637	0.11719457793754988	0.11719457793754988	0.17832303691903587	0.614791122159637	0.11731081881026093	0.12027350080880579	0.3673535700662918	0.9993192982471565	0.4655851546461917	0.24959835727489257	0.25044151472736087	0.13574850065631686	0.005747126436781609	0.005747126436781609	0.017241379310344827	0.5517241379310345	0.005747126436781609	0.008620689655172414	0.1206896551724138	0.9971264367816092	0.05172413793103448	0.02586206896551724	0.028735632183908046	0.01440922190201729	10	34.8	0.02208316818602193	0	0	0	0	0	0	0	0	0	0	0	0	0	0	0	0	0	1	0	0	0	1	0	0
466	2641	0.11719457793754988	0.11719457793754988	0.17832303691903587	0.614791122159637	0.11731081881026093	0.12027350080880579	0.3673535700662918	0.9993192982471565	0.4655851546461917	0.24959835727489257	0.25044151472736087	0.13574850065631686	0.005747126436781609	0.005747126436781609	0.017241379310344827	0.5517241379310345	0.005747126436781609	0.008620689655172414	0.1206896551724138	0.9971264367816092	0.05172413793103448	0.02586206896551724	0.028735632183908046	0.01440922190201729	0	0.0	0.0	0	0	0	0	0	0	0	0	0	0	0	0	0	0	0	0	0	0	0	0	0	0	0	0
467	2647	0.0	0.0	0.1388253538751713	0.23371389063019246	0.0	0.0	0.3739172312510329	1.0	0.5091411179759656	0.12453921185941823	0.1322909366025141	0.1322909366025141	0.005154639175257732	0.005154639175257732	0.030927835051546393	0.20103092783505155	0.005154639175257732	0.005154639175257732	0.14948453608247422	1.0	0.08762886597938144	0.020618556701030927	0.02577319587628866	0.02577319587628866	0	0.0	0.0	0	0	0	0	0	0	0	0	0	0	0	0	0	0	0	0	0	0	0	0	0	0	0	0
468	2621	0.11719457793754988	0.11719457793754988	0.17832303691903587	0.614791122159637	0.11731081881026093	0.12027350080880579	0.3673535700662918	0.9993192982471565	0.4655851546461917	0.24959835727489257	0.25044151472736087	0.13574850065631686	0.005747126436781609	0.005747126436781609	0.017241379310344827	0.5517241379310345	0.005747126436781609	0.008620689655172414	0.1206896551724138	0.9971264367816092	0.05172413793103448	0.02586206896551724	0.028735632183908046	0.01440922190201729	0	0.0	0.0	0	0	0	0	0	0	0	0	0	0	0	0	0	0	0	0	0	0	0	0	0	0	0	0
469	2625	0.11719457793754988	0.11719457793754988	0.17832303691903587	0.614791122159637	0.11731081881026093	0.12027350080880579	0.3673535700662918	0.9993192982471565	0.4655851546461917	0.24959835727489257	0.25044151472736087	0.13574850065631686	0.005747126436781609	0.005747126436781609	0.017241379310344827	0.5517241379310345	0.005747126436781609	0.008620689655172414	0.1206896551724138	0.9971264367816092	0.05172413793103448	0.02586206896551724	0.028735632183908046	0.01440922190201729	3	116.0	0.05691526841943013	0	0	0	0	0	0	0	0	0	0	0	0	0	0	0	0	0	1	0	0	0	0	0	0
470	2632	0.11719457793754988	0.11719457793754988	0.17832303691903587	0.614791122159637	0.11731081881026093	0.12027350080880579	0.3673535700662918	0.9993192982471565	0.4655851546461917	0.24959835727489257	0.25044151472736087	0.13574850065631686	0.005747126436781609	0.005747126436781609	0.017241379310344827	0.5517241379310345	0.005747126436781609	0.008620689655172414	0.1206896551724138	0.9971264367816092	0.05172413793103448	0.02586206896551724	0.028735632183908046	0.01440922190201729	3	116.0	0.05691526841943013	0	0	0	0	0	0	0	0	0	0	0	0	0	0	0	0	1	1	0	0	0	0	0	0
471	2643	0.11719457793754988	0.11719457793754988	0.17832303691903587	0.614791122159637	0.11731081881026093	0.12027350080880579	0.3673535700662918	0.9993192982471565	0.4655851546461917	0.24959835727489257	0.25044151472736087	0.13574850065631686	0.005747126436781609	0.005747126436781609	0.017241379310344827	0.5517241379310345	0.005747126436781609	0.008620689655172414	0.1206896551724138	0.9971264367816092	0.05172413793103448	0.02586206896551724	0.028735632183908046	0.01440922190201729	12	29.0	0.022983000836746374	0	0	0	0	0	0	0	0	0	0	0	0	0	0	1	0	0	1	0	0	0	0	0	0
472	2654	0.11719457793754988	0.11719457793754988	0.17832303691903587	0.614791122159637	0.11731081881026093	0.12027350080880579	0.3673535700662918	0.9993192982471565	0.4655851546461917	0.24959835727489257	0.25044151472736087	0.13574850065631686	0.005747126436781609	0.005747126436781609	0.017241379310344827	0.5517241379310345	0.005747126436781609	0.008620689655172414	0.1206896551724138	0.9971264367816092	0.05172413793103448	0.02586206896551724	0.028735632183908046	0.01440922190201729	12	29.0	0.022983000836746374	0	0	0	0	0	0	0	0	0	0	0	0	0	0	1	0	0	1	0	0	0	0	0	0
473	2655	0.11719457793754988	0.11719457793754988	0.17832303691903587	0.614791122159637	0.11731081881026093	0.12027350080880579	0.3673535700662918	0.9993192982471565	0.4655851546461917	0.24959835727489257	0.25044151472736087	0.13574850065631686	0.005747126436781609	0.005747126436781609	0.017241379310344827	0.5517241379310345	0.005747126436781609	0.008620689655172414	0.1206896551724138	0.9971264367816092	0.05172413793103448	0.02586206896551724	0.028735632183908046	0.01440922190201729	0	0.0	0.0	0	0	0	0	0	0	0	0	0	0	0	0	0	0	0	0	0	0	0	0	0	0	0	0
474	2656	0.11719457793754988	0.11719457793754988	0.17832303691903587	0.614791122159637	0.11731081881026093	0.12027350080880579	0.3673535700662918	0.9993192982471565	0.4655851546461917	0.24959835727489257	0.25044151472736087	0.13574850065631686	0.005747126436781609	0.005747126436781609	0.017241379310344827	0.5517241379310345	0.005747126436781609	0.008620689655172414	0.1206896551724138	0.9971264367816092	0.05172413793103448	0.02586206896551724	0.028735632183908046	0.01440922190201729	5	69.4	0.08509197817438896	0	0	0	0	0	0	0	0	0	0	0	0	0	0	0	0	0	0	0	0	0	0	0	1
475	2727	0.11719457793754988	0.11719457793754988	0.17832303691903587	0.614791122159637	0.11731081881026093	0.12027350080880579	0.3673535700662918	0.9993192982471565	0.4655851546461917	0.24959835727489257	0.25044151472736087	0.13574850065631686	0.005747126436781609	0.005747126436781609	0.017241379310344827	0.5517241379310345	0.005747126436781609	0.008620689655172414	0.1206896551724138	0.9971264367816092	0.05172413793103448	0.02586206896551724	0.028735632183908046	0.01440922190201729	5	69.4	0.08509197817438896	0	0	0	0	0	0	0	0	0	0	0	0	0	0	0	0	0	0	0	0	0	0	0	1
476	2627	0.11719457793754988	0.11719457793754988	0.17832303691903587	0.614791122159637	0.11731081881026093	0.12027350080880579	0.3673535700662918	0.9993192982471565	0.4655851546461917	0.24959835727489257	0.25044151472736087	0.13574850065631686	0.005747126436781609	0.005747126436781609	0.017241379310344827	0.5517241379310345	0.005747126436781609	0.008620689655172414	0.1206896551724138	0.9971264367816092	0.05172413793103448	0.02586206896551724	0.028735632183908046	0.01440922190201729	0	0.0	0.0	0	0	0	0	0	0	0	0	0	0	0	0	0	0	0	0	0	0	0	0	0	0	0	0
477	2638	0.11719457793754988	0.11719457793754988	0.17832303691903587	0.614791122159637	0.11731081881026093	0.12027350080880579	0.3673535700662918	0.9993192982471565	0.4655851546461917	0.24959835727489257	0.25044151472736087	0.13574850065631686	0.005747126436781609	0.005747126436781609	0.017241379310344827	0.5517241379310345	0.005747126436781609	0.008620689655172414	0.1206896551724138	0.9971264367816092	0.05172413793103448	0.02586206896551724	0.028735632183908046	0.01440922190201729	2	174.0	0.0036414982164090347	0	0	0	0	0	0	0	0	0	0	0	0	1	0	0	0	0	0	0	0	0	0	0	0
478	2639	0.11719457793754988	0.11719457793754988	0.17832303691903587	0.614791122159637	0.11731081881026093	0.12027350080880579	0.3673535700662918	0.9993192982471565	0.4655851546461917	0.24959835727489257	0.25044151472736087	0.13574850065631686	0.005747126436781609	0.005747126436781609	0.017241379310344827	0.5517241379310345	0.005747126436781609	0.008620689655172414	0.1206896551724138	0.9971264367816092	0.05172413793103448	0.02586206896551724	0.028735632183908046	0.01440922190201729	3	116.0	0.05691526841943013	0	0	0	0	0	0	0	0	0	0	0	0	1	0	0	0	0	1	0	0	0	0	0	0
479	2640	0.11719457793754988	0.11719457793754988	0.17832303691903587	0.614791122159637	0.11731081881026093	0.12027350080880579	0.3673535700662918	0.9993192982471565	0.4655851546461917	0.24959835727489257	0.25044151472736087	0.13574850065631686	0.005747126436781609	0.005747126436781609	0.017241379310344827	0.5517241379310345	0.005747126436781609	0.008620689655172414	0.1206896551724138	0.9971264367816092	0.05172413793103448	0.02586206896551724	0.028735632183908046	0.01440922190201729	3	116.0	0.05691526841943013	0	0	0	0	0	0	0	0	0	0	0	0	1	0	0	0	0	1	0	0	0	0	0	0
480	2642	0.11719457793754988	0.11719457793754988	0.17832303691903587	0.614791122159637	0.11731081881026093	0.12027350080880579	0.3673535700662918	0.9993192982471565	0.4655851546461917	0.24959835727489257	0.25044151472736087	0.13574850065631686	0.005747126436781609	0.005747126436781609	0.017241379310344827	0.5517241379310345	0.005747126436781609	0.008620689655172414	0.1206896551724138	0.9971264367816092	0.05172413793103448	0.02586206896551724	0.028735632183908046	0.01440922190201729	3	116.0	0.05691526841943013	0	0	0	0	0	0	0	0	0	0	0	0	1	0	0	0	1	1	0	0	0	0	0	0
481	2662	0.11719457793754988	0.11719457793754988	0.17832303691903587	0.614791122159637	0.11731081881026093	0.12027350080880579	0.3673535700662918	0.9993192982471565	0.4655851546461917	0.24959835727489257	0.25044151472736087	0.13574850065631686	0.005747126436781609	0.005747126436781609	0.017241379310344827	0.5517241379310345	0.005747126436781609	0.008620689655172414	0.1206896551724138	0.9971264367816092	0.05172413793103448	0.02586206896551724	0.028735632183908046	0.01440922190201729	0	0.0	0.0	0	0	0	0	0	0	0	0	0	0	0	0	0	0	0	0	0	0	0	0	0	0	0	0
482	2663	0.11719457793754988	0.11719457793754988	0.17832303691903587	0.614791122159637	0.11731081881026093	0.12027350080880579	0.3673535700662918	0.9993192982471565	0.4655851546461917	0.24959835727489257	0.25044151472736087	0.13574850065631686	0.005747126436781609	0.005747126436781609	0.017241379310344827	0.5517241379310345	0.005747126436781609	0.008620689655172414	0.1206896551724138	0.9971264367816092	0.05172413793103448	0.02586206896551724	0.028735632183908046	0.01440922190201729	6	58.0	0.04077762364028714	0	0	0	0	0	0	0	0	0	0	0	0	0	0	1	0	0	0	0	0	0	0	0	0
483	2664	0.11719457793754988	0.11719457793754988	0.17832303691903587	0.614791122159637	0.11731081881026093	0.12027350080880579	0.3673535700662918	0.9993192982471565	0.4655851546461917	0.24959835727489257	0.25044151472736087	0.13574850065631686	0.005747126436781609	0.005747126436781609	0.017241379310344827	0.5517241379310345	0.005747126436781609	0.008620689655172414	0.1206896551724138	0.9971264367816092	0.05172413793103448	0.02586206896551724	0.028735632183908046	0.01440922190201729	0	0.0	0.0	0	0	0	0	0	0	0	0	0	0	0	0	0	0	0	0	0	0	0	0	0	0	0	0
484	2665	0.11719457793754988	0.11719457793754988	0.17832303691903587	0.614791122159637	0.11731081881026093	0.12027350080880579	0.3673535700662918	0.9993192982471565	0.4655851546461917	0.24959835727489257	0.25044151472736087	0.13574850065631686	0.005747126436781609	0.005747126436781609	0.017241379310344827	0.5517241379310345	0.005747126436781609	0.008620689655172414	0.1206896551724138	0.9971264367816092	0.05172413793103448	0.02586206896551724	0.028735632183908046	0.01440922190201729	0	0.0	0.0	0	0	0	0	0	0	0	0	0	0	0	0	0	0	0	0	0	0	0	0	0	0	0	0
485	2673	0.11719457793754988	0.11719457793754988	0.17832303691903587	0.614791122159637	0.11731081881026093	0.12027350080880579	0.3673535700662918	0.9993192982471565	0.4655851546461917	0.24959835727489257	0.25044151472736087	0.13574850065631686	0.005747126436781609	0.005747126436781609	0.017241379310344827	0.5517241379310345	0.005747126436781609	0.008620689655172414	0.1206896551724138	0.9971264367816092	0.05172413793103448	0.02586206896551724	0.028735632183908046	0.01440922190201729	5	69.4	0.08509197817438896	0	0	0	0	0	0	0	0	0	0	0	0	0	0	0	0	0	0	0	0	0	0	0	1
486	2681	0.11719457793754988	0.11719457793754988	0.17832303691903587	0.614791122159637	0.11731081881026093	0.12027350080880579	0.3673535700662918	0.9993192982471565	0.4655851546461917	0.24959835727489257	0.25044151472736087	0.13574850065631686	0.005747126436781609	0.005747126436781609	0.017241379310344827	0.5517241379310345	0.005747126436781609	0.008620689655172414	0.1206896551724138	0.9971264367816092	0.05172413793103448	0.02586206896551724	0.028735632183908046	0.01440922190201729	5	69.4	0.08509197817438896	0	0	0	0	0	0	0	0	0	0	0	0	0	0	0	0	0	0	0	0	0	0	0	1
487	2653	0.11719457793754988	0.11719457793754988	0.17832303691903587	0.614791122159637	0.11731081881026093	0.12027350080880579	0.3673535700662918	0.9993192982471565	0.4655851546461917	0.24959835727489257	0.25044151472736087	0.13574850065631686	0.005747126436781609	0.005747126436781609	0.017241379310344827	0.5517241379310345	0.005747126436781609	0.008620689655172414	0.1206896551724138	0.9971264367816092	0.05172413793103448	0.02586206896551724	0.028735632183908046	0.01440922190201729	0	0.0	0.0	0	0	0	0	0	0	0	0	0	0	0	0	0	0	0	0	0	0	0	0	0	0	0	0
488	2657	0.11719457793754988	0.11719457793754988	0.17832303691903587	0.614791122159637	0.11731081881026093	0.12027350080880579	0.3673535700662918	0.9993192982471565	0.4655851546461917	0.24959835727489257	0.25044151472736087	0.13574850065631686	0.005747126436781609	0.005747126436781609	0.017241379310344827	0.5517241379310345	0.005747126436781609	0.008620689655172414	0.1206896551724138	0.9971264367816092	0.05172413793103448	0.02586206896551724	0.028735632183908046	0.01440922190201729	3	116.0	0.05691526841943013	0	0	0	0	0	0	0	0	0	0	0	0	0	0	0	0	0	1	0	0	0	0	0	0
489	2660	0.30102999566398114	0.30102999566398114	0.0	0.9999999999999998	0.29228525323862886	0.40969100130080555	0.40843137199002016	0.9397940008672038	0.6762456261857126	0.9397940008672038	0.9397940008672038	0.7195867761904633	0.2	0.2	0.1	1.0	0.2	0.3	0.4	0.9	0.5	0.9	0.9	0.5555555555555556	3	3.3333333333333335	0.02888888888888889	0	0	0	0	0	0	0	0	0	0	0	0	0	0	0	0	0	1	0	0	0	0	0	0
490	2668	0.11719457793754988	0.11719457793754988	0.17832303691903587	0.614791122159637	0.11731081881026093	0.12027350080880579	0.3673535700662918	0.9993192982471565	0.4655851546461917	0.24959835727489257	0.25044151472736087	0.13574850065631686	0.005747126436781609	0.005747126436781609	0.017241379310344827	0.5517241379310345	0.005747126436781609	0.008620689655172414	0.1206896551724138	0.9971264367816092	0.05172413793103448	0.02586206896551724	0.028735632183908046	0.01440922190201729	9	38.666666666666664	0.023307790549169864	0	0	0	0	0	0	0	0	0	0	0	0	0	0	0	0	0	0	0	0	0	1	0	0
491	2676	0.11719457793754988	0.11719457793754988	0.17832303691903587	0.614791122159637	0.11731081881026093	0.12027350080880579	0.3673535700662918	0.9993192982471565	0.4655851546461917	0.24959835727489257	0.25044151472736087	0.13574850065631686	0.005747126436781609	0.005747126436781609	0.017241379310344827	0.5517241379310345	0.005747126436781609	0.008620689655172414	0.1206896551724138	0.9971264367816092	0.05172413793103448	0.02586206896551724	0.028735632183908046	0.01440922190201729	5	69.4	0.08509197817438896	0	0	0	0	0	0	0	0	0	0	0	0	0	0	0	0	0	0	0	0	0	0	0	1
492	2671	0.13520520029325336	0.124530115851107	0.004259260409299242	0.9720012003882974	0.13519705843923124	0.1246065776834009	0.07084261619905845	0.9999893119756565	0.26817262467474	0.7030296062494772	0.6908706160074507	0.9332159645993594	0.0003669724770642202	0.0002935779816513761	0.00044036697247706424	0.8275229357798165	0.0003669724770642202	0.0003669724770642202	0.0013944954128440367	0.9999266055045871	0.03823853211009174	0.28628230616302186	0.3283263382666961	0.5475699558173786	0	0.0	0.0	0	0	0	0	0	0	0	0	0	0	0	0	0	0	0	0	0	0	0	0	0	0	0	0
493	2678	0.13520520029325336	0.124530115851107	0.004259260409299242	0.9720012003882974	0.13519705843923124	0.1246065776834009	0.07084261619905845	0.9999893119756565	0.26817262467474	0.7030296062494772	0.6908706160074507	0.9332159645993594	0.0003669724770642202	0.0002935779816513761	0.00044036697247706424	0.8275229357798165	0.0003669724770642202	0.0003669724770642202	0.0013944954128440367	0.9999266055045871	0.03823853211009174	0.28628230616302186	0.3283263382666961	0.5475699558173786	4	3406.25	0.02953924922144601	0	0	0	0	0	0	0	0	0	0	0	0	0	1	0	0	0	0	0	0	0	0	0	0
494	2695	0.13520520029325336	0.124530115851107	0.004259260409299242	0.9720012003882974	0.13519705843923124	0.1246065776834009	0.07084261619905845	0.9999893119756565	0.26817262467474	0.7030296062494772	0.6908706160074507	0.9332159645993594	0.0003669724770642202	0.0002935779816513761	0.00044036697247706424	0.8275229357798165	0.0003669724770642202	0.0003669724770642202	0.0013944954128440367	0.9999266055045871	0.03823853211009174	0.28628230616302186	0.3283263382666961	0.5475699558173786	5	2725.0	0.033615323154616614	0	0	0	0	0	0	0	0	0	0	0	0	0	1	0	0	0	1	0	0	0	0	0	0
495	2755	0.13520520029325336	0.124530115851107	0.004259260409299242	0.9720012003882974	0.13519705843923124	0.1246065776834009	0.07084261619905845	0.9999893119756565	0.26817262467474	0.7030296062494772	0.6908706160074507	0.9332159645993594	0.0003669724770642202	0.0002935779816513761	0.00044036697247706424	0.8275229357798165	0.0003669724770642202	0.0003669724770642202	0.0013944954128440367	0.9999266055045871	0.03823853211009174	0.28628230616302186	0.3283263382666961	0.5475699558173786	7436	1.8262506724045187	1.2626632925279426e-09	0	0	0	0	0	0	0	0	0	0	0	0	0	0	0	0	0	0	0	0	0	0	0	1
496	2679	0.11719457793754988	0.11719457793754988	0.17832303691903587	0.614791122159637	0.11731081881026093	0.12027350080880579	0.3673535700662918	0.9993192982471565	0.4655851546461917	0.24959835727489257	0.25044151472736087	0.13574850065631686	0.005747126436781609	0.005747126436781609	0.017241379310344827	0.5517241379310345	0.005747126436781609	0.008620689655172414	0.1206896551724138	0.9971264367816092	0.05172413793103448	0.02586206896551724	0.028735632183908046	0.01440922190201729	0	0.0	0.0	0	0	0	0	0	0	0	0	0	0	0	0	0	0	0	0	0	0	0	0	0	0	0	0
497	2682	0.11719457793754988	0.11719457793754988	0.17832303691903587	0.614791122159637	0.11731081881026093	0.12027350080880579	0.3673535700662918	0.9993192982471565	0.4655851546461917	0.24959835727489257	0.25044151472736087	0.13574850065631686	0.005747126436781609	0.005747126436781609	0.017241379310344827	0.5517241379310345	0.005747126436781609	0.008620689655172414	0.1206896551724138	0.9971264367816092	0.05172413793103448	0.02586206896551724	0.028735632183908046	0.01440922190201729	0	0.0	0.0	0	0	0	0	0	0	0	0	0	0	0	0	0	0	0	0	0	0	0	0	0	0	0	0
498	2683	0.11719457793754988	0.11719457793754988	0.17832303691903587	0.614791122159637	0.11731081881026093	0.12027350080880579	0.3673535700662918	0.9993192982471565	0.4655851546461917	0.24959835727489257	0.25044151472736087	0.13574850065631686	0.005747126436781609	0.005747126436781609	0.017241379310344827	0.5517241379310345	0.005747126436781609	0.008620689655172414	0.1206896551724138	0.9971264367816092	0.05172413793103448	0.02586206896551724	0.028735632183908046	0.01440922190201729	3	116.0	0.05691526841943013	0	0	0	0	0	0	0	0	0	0	0	0	0	0	0	0	0	1	0	0	0	0	0	0
499	2684	0.11719457793754988	0.11719457793754988	0.17832303691903587	0.614791122159637	0.11731081881026093	0.12027350080880579	0.3673535700662918	0.9993192982471565	0.4655851546461917	0.24959835727489257	0.25044151472736087	0.13574850065631686	0.005747126436781609	0.005747126436781609	0.017241379310344827	0.5517241379310345	0.005747126436781609	0.008620689655172414	0.1206896551724138	0.9971264367816092	0.05172413793103448	0.02586206896551724	0.028735632183908046	0.01440922190201729	3	116.0	0.05691526841943013	0	0	0	0	0	0	0	0	0	0	0	0	0	0	0	0	1	1	0	0	0	0	0	0
500	2699	0.11719457793754988	0.11719457793754988	0.17832303691903587	0.614791122159637	0.11731081881026093	0.12027350080880579	0.3673535700662918	0.9993192982471565	0.4655851546461917	0.24959835727489257	0.25044151472736087	0.13574850065631686	0.005747126436781609	0.005747126436781609	0.017241379310344827	0.5517241379310345	0.005747126436781609	0.008620689655172414	0.1206896551724138	0.9971264367816092	0.05172413793103448	0.02586206896551724	0.028735632183908046	0.01440922190201729	5	69.4	0.08509197817438896	0	0	0	0	0	0	0	0	0	0	0	0	0	0	0	0	0	0	0	0	0	0	0	1
501	2688	0.11719457793754988	0.11719457793754988	0.17832303691903587	0.614791122159637	0.11731081881026093	0.12027350080880579	0.3673535700662918	0.9993192982471565	0.4655851546461917	0.24959835727489257	0.25044151472736087	0.13574850065631686	0.005747126436781609	0.005747126436781609	0.017241379310344827	0.5517241379310345	0.005747126436781609	0.008620689655172414	0.1206896551724138	0.9971264367816092	0.05172413793103448	0.02586206896551724	0.028735632183908046	0.01440922190201729	0	0.0	0.0	0	0	0	0	0	0	0	0	0	0	0	0	0	0	0	0	0	0	0	0	0	0	0	0
502	2690	0.11719457793754988	0.11719457793754988	0.17832303691903587	0.614791122159637	0.11731081881026093	0.12027350080880579	0.3673535700662918	0.9993192982471565	0.4655851546461917	0.24959835727489257	0.25044151472736087	0.13574850065631686	0.005747126436781609	0.005747126436781609	0.017241379310344827	0.5517241379310345	0.005747126436781609	0.008620689655172414	0.1206896551724138	0.9971264367816092	0.05172413793103448	0.02586206896551724	0.028735632183908046	0.01440922190201729	3	116.0	0.05691526841943013	0	0	0	0	0	0	0	0	0	0	0	0	0	0	0	0	0	1	0	0	0	0	0	0
503	2696	0.11719457793754988	0.11719457793754988	0.17832303691903587	0.614791122159637	0.11731081881026093	0.12027350080880579	0.3673535700662918	0.9993192982471565	0.4655851546461917	0.24959835727489257	0.25044151472736087	0.13574850065631686	0.005747126436781609	0.005747126436781609	0.017241379310344827	0.5517241379310345	0.005747126436781609	0.008620689655172414	0.1206896551724138	0.9971264367816092	0.05172413793103448	0.02586206896551724	0.028735632183908046	0.01440922190201729	3	116.0	0.05691526841943013	0	0	0	0	0	0	0	0	0	0	0	0	0	0	0	0	1	1	0	0	0	0	0	0
504	2698	0.11719457793754988	0.11719457793754988	0.17832303691903587	0.614791122159637	0.11731081881026093	0.12027350080880579	0.3673535700662918	0.9993192982471565	0.4655851546461917	0.24959835727489257	0.25044151472736087	0.13574850065631686	0.005747126436781609	0.005747126436781609	0.017241379310344827	0.5517241379310345	0.005747126436781609	0.008620689655172414	0.1206896551724138	0.9971264367816092	0.05172413793103448	0.02586206896551724	0.028735632183908046	0.01440922190201729	12	29.0	0.022983000836746374	0	0	0	0	0	0	0	0	0	0	0	0	0	0	1	0	1	1	0	0	0	0	0	0
505	2720	0.11719457793754988	0.11719457793754988	0.17832303691903587	0.614791122159637	0.11731081881026093	0.12027350080880579	0.3673535700662918	0.9993192982471565	0.4655851546461917	0.24959835727489257	0.25044151472736087	0.13574850065631686	0.005747126436781609	0.005747126436781609	0.017241379310344827	0.5517241379310345	0.005747126436781609	0.008620689655172414	0.1206896551724138	0.9971264367816092	0.05172413793103448	0.02586206896551724	0.028735632183908046	0.01440922190201729	5	69.4	0.08509197817438896	0	0	0	0	0	0	0	0	0	0	0	0	0	0	0	0	0	0	0	0	0	0	0	1
506	2691	0.11719457793754988	0.11719457793754988	0.17832303691903587	0.614791122159637	0.11731081881026093	0.12027350080880579	0.3673535700662918	0.9993192982471565	0.4655851546461917	0.24959835727489257	0.25044151472736087	0.13574850065631686	0.005747126436781609	0.005747126436781609	0.017241379310344827	0.5517241379310345	0.005747126436781609	0.008620689655172414	0.1206896551724138	0.9971264367816092	0.05172413793103448	0.02586206896551724	0.028735632183908046	0.01440922190201729	0	0.0	0.0	0	0	0	0	0	0	0	0	0	0	0	0	0	0	0	0	0	0	0	0	0	0	0	0
507	2694	0.11719457793754988	0.11719457793754988	0.17832303691903587	0.614791122159637	0.11731081881026093	0.12027350080880579	0.3673535700662918	0.9993192982471565	0.4655851546461917	0.24959835727489257	0.25044151472736087	0.13574850065631686	0.005747126436781609	0.005747126436781609	0.017241379310344827	0.5517241379310345	0.005747126436781609	0.008620689655172414	0.1206896551724138	0.9971264367816092	0.05172413793103448	0.02586206896551724	0.028735632183908046	0.01440922190201729	2	174.0	0.0036414982164090347	0	0	0	0	0	0	0	0	0	0	0	0	0	1	0	0	0	0	0	0	0	0	0	0
508	2701	0.11719457793754988	0.11719457793754988	0.17832303691903587	0.614791122159637	0.11731081881026093	0.12027350080880579	0.3673535700662918	0.9993192982471565	0.4655851546461917	0.24959835727489257	0.25044151472736087	0.13574850065631686	0.005747126436781609	0.005747126436781609	0.017241379310344827	0.5517241379310345	0.005747126436781609	0.008620689655172414	0.1206896551724138	0.9971264367816092	0.05172413793103448	0.02586206896551724	0.028735632183908046	0.01440922190201729	0	0.0	0.0	0	0	0	0	0	0	0	0	0	0	0	0	0	0	0	0	0	0	0	0	0	0	0	0
509	2716	0.11719457793754988	0.11719457793754988	0.17832303691903587	0.614791122159637	0.11731081881026093	0.12027350080880579	0.3673535700662918	0.9993192982471565	0.4655851546461917	0.24959835727489257	0.25044151472736087	0.13574850065631686	0.005747126436781609	0.005747126436781609	0.017241379310344827	0.5517241379310345	0.005747126436781609	0.008620689655172414	0.1206896551724138	0.9971264367816092	0.05172413793103448	0.02586206896551724	0.028735632183908046	0.01440922190201729	5	69.4	0.08509197817438896	0	0	0	0	0	0	0	0	0	0	0	0	0	0	0	0	0	0	0	0	0	0	0	1
510	2728	0.13520520029325336	0.124530115851107	0.004259260409299242	0.9720012003882974	0.13519705843923124	0.1246065776834009	0.07084261619905845	0.9999893119756565	0.26817262467474	0.7030296062494772	0.6908706160074507	0.9332159645993594	0.0003669724770642202	0.0002935779816513761	0.00044036697247706424	0.8275229357798165	0.0003669724770642202	0.0003669724770642202	0.0013944954128440367	0.9999266055045871	0.03823853211009174	0.28628230616302186	0.3283263382666961	0.5475699558173786	0	0.0	0.0	0	0	0	0	0	0	0	0	0	0	0	0	0	0	0	0	0	0	0	0	0	0	0	0
511	2729	0.13520520029325336	0.124530115851107	0.004259260409299242	0.9720012003882974	0.13519705843923124	0.1246065776834009	0.07084261619905845	0.9999893119756565	0.26817262467474	0.7030296062494772	0.6908706160074507	0.9332159645993594	0.0003669724770642202	0.0002935779816513761	0.00044036697247706424	0.8275229357798165	0.0003669724770642202	0.0003669724770642202	0.0013944954128440367	0.9999266055045871	0.03823853211009174	0.28628230616302186	0.3283263382666961	0.5475699558173786	0	0.0	0.0	0	0	0	0	0	0	0	0	0	0	0	0	0	0	0	0	0	0	0	0	0	0	0	0
512	2730	0.13520520029325336	0.124530115851107	0.004259260409299242	0.9720012003882974	0.13519705843923124	0.1246065776834009	0.07084261619905845	0.9999893119756565	0.26817262467474	0.7030296062494772	0.6908706160074507	0.9332159645993594	0.0003669724770642202	0.0002935779816513761	0.00044036697247706424	0.8275229357798165	0.0003669724770642202	0.0003669724770642202	0.0013944954128440367	0.9999266055045871	0.03823853211009174	0.28628230616302186	0.3283263382666961	0.5475699558173786	0	0.0	0.0	0	0	0	0	0	0	0	0	0	0	0	0	0	0	0	0	0	0	0	0	0	0	0	0
513	2732	0.13520520029325336	0.124530115851107	0.004259260409299242	0.9720012003882974	0.13519705843923124	0.1246065776834009	0.07084261619905845	0.9999893119756565	0.26817262467474	0.7030296062494772	0.6908706160074507	0.9332159645993594	0.0003669724770642202	0.0002935779816513761	0.00044036697247706424	0.8275229357798165	0.0003669724770642202	0.0003669724770642202	0.0013944954128440367	0.9999266055045871	0.03823853211009174	0.28628230616302186	0.3283263382666961	0.5475699558173786	5	2725.0	0.033615323154616614	0	0	0	0	0	0	0	0	0	0	0	0	0	1	0	0	0	1	0	0	0	0	0	0
514	2733	0.13520520029325336	0.124530115851107	0.004259260409299242	0.9720012003882974	0.13519705843923124	0.1246065776834009	0.07084261619905845	0.9999893119756565	0.26817262467474	0.7030296062494772	0.6908706160074507	0.9332159645993594	0.0003669724770642202	0.0002935779816513761	0.00044036697247706424	0.8275229357798165	0.0003669724770642202	0.0003669724770642202	0.0013944954128440367	0.9999266055045871	0.03823853211009174	0.28628230616302186	0.3283263382666961	0.5475699558173786	4	3406.25	0.02953924922144601	0	0	0	0	0	0	0	0	0	0	0	0	0	1	0	0	0	0	0	0	0	0	0	0
515	2735	0.13520520029325336	0.124530115851107	0.004259260409299242	0.9720012003882974	0.13519705843923124	0.1246065776834009	0.07084261619905845	0.9999893119756565	0.26817262467474	0.7030296062494772	0.6908706160074507	0.9332159645993594	0.0003669724770642202	0.0002935779816513761	0.00044036697247706424	0.8275229357798165	0.0003669724770642202	0.0003669724770642202	0.0013944954128440367	0.9999266055045871	0.03823853211009174	0.28628230616302186	0.3283263382666961	0.5475699558173786	6508	2.1010210396039604	7.784332258844809e-06	0	0	0	0	0	0	0	0	0	0	0	0	0	1	0	0	0	1	0	0	0	0	1	0
516	2737	0.11719457793754988	0.11719457793754988	0.17832303691903587	0.614791122159637	0.11731081881026093	0.12027350080880579	0.3673535700662918	0.9993192982471565	0.4655851546461917	0.24959835727489257	0.25044151472736087	0.13574850065631686	0.005747126436781609	0.005747126436781609	0.017241379310344827	0.5517241379310345	0.005747126436781609	0.008620689655172414	0.1206896551724138	0.9971264367816092	0.05172413793103448	0.02586206896551724	0.028735632183908046	0.01440922190201729	0	0.0	0.0	0	0	0	0	0	0	0	0	0	0	0	0	0	0	0	0	0	0	0	0	0	0	0	0
517	2740	0.11719457793754988	0.11719457793754988	0.17832303691903587	0.614791122159637	0.11731081881026093	0.12027350080880579	0.3673535700662918	0.9993192982471565	0.4655851546461917	0.24959835727489257	0.25044151472736087	0.13574850065631686	0.005747126436781609	0.005747126436781609	0.017241379310344827	0.5517241379310345	0.005747126436781609	0.008620689655172414	0.1206896551724138	0.9971264367816092	0.05172413793103448	0.02586206896551724	0.028735632183908046	0.01440922190201729	3	116.0	0.05691526841943013	0	0	0	0	0	0	0	0	0	0	0	0	0	0	0	0	1	1	0	0	0	0	0	0
518	2741	0.11719457793754988	0.11719457793754988	0.17832303691903587	0.614791122159637	0.11731081881026093	0.12027350080880579	0.3673535700662918	0.9993192982471565	0.4655851546461917	0.24959835727489257	0.25044151472736087	0.13574850065631686	0.005747126436781609	0.005747126436781609	0.017241379310344827	0.5517241379310345	0.005747126436781609	0.008620689655172414	0.1206896551724138	0.9971264367816092	0.05172413793103448	0.02586206896551724	0.028735632183908046	0.01440922190201729	3	116.0	0.05691526841943013	0	0	0	0	0	0	0	0	0	0	0	0	0	0	0	0	0	1	0	0	0	0	0	0
519	2742	0.11719457793754988	0.11719457793754988	0.17832303691903587	0.614791122159637	0.11731081881026093	0.12027350080880579	0.3673535700662918	0.9993192982471565	0.4655851546461917	0.24959835727489257	0.25044151472736087	0.13574850065631686	0.005747126436781609	0.005747126436781609	0.017241379310344827	0.5517241379310345	0.005747126436781609	0.008620689655172414	0.1206896551724138	0.9971264367816092	0.05172413793103448	0.02586206896551724	0.028735632183908046	0.01440922190201729	0	0.0	0.0	0	0	0	0	0	0	0	0	0	0	0	0	0	0	0	0	0	0	0	0	0	0	0	0
520	2743	0.11719457793754988	0.11719457793754988	0.17832303691903587	0.614791122159637	0.11731081881026093	0.12027350080880579	0.3673535700662918	0.9993192982471565	0.4655851546461917	0.24959835727489257	0.25044151472736087	0.13574850065631686	0.005747126436781609	0.005747126436781609	0.017241379310344827	0.5517241379310345	0.005747126436781609	0.008620689655172414	0.1206896551724138	0.9971264367816092	0.05172413793103448	0.02586206896551724	0.028735632183908046	0.01440922190201729	6	58.0	0.04077762364028714	0	0	0	0	0	0	0	0	0	0	0	0	0	0	1	0	0	0	0	0	0	0	0	0
521	2744	0.11719457793754988	0.11719457793754988	0.17832303691903587	0.614791122159637	0.11731081881026093	0.12027350080880579	0.3673535700662918	0.9993192982471565	0.4655851546461917	0.24959835727489257	0.25044151472736087	0.13574850065631686	0.005747126436781609	0.005747126436781609	0.017241379310344827	0.5517241379310345	0.005747126436781609	0.008620689655172414	0.1206896551724138	0.9971264367816092	0.05172413793103448	0.02586206896551724	0.028735632183908046	0.01440922190201729	0	0.0	0.0	0	0	0	0	0	0	0	0	0	0	0	0	0	0	0	0	0	0	0	0	0	0	0	0
522	2745	0.11719457793754988	0.11719457793754988	0.17832303691903587	0.614791122159637	0.11731081881026093	0.12027350080880579	0.3673535700662918	0.9993192982471565	0.4655851546461917	0.24959835727489257	0.25044151472736087	0.13574850065631686	0.005747126436781609	0.005747126436781609	0.017241379310344827	0.5517241379310345	0.005747126436781609	0.008620689655172414	0.1206896551724138	0.9971264367816092	0.05172413793103448	0.02586206896551724	0.028735632183908046	0.01440922190201729	0	0.0	0.0	0	0	0	0	0	0	0	0	0	0	0	0	0	0	0	0	0	0	0	0	0	0	0	0
523	2746	0.11719457793754988	0.11719457793754988	0.17832303691903587	0.614791122159637	0.11731081881026093	0.12027350080880579	0.3673535700662918	0.9993192982471565	0.4655851546461917	0.24959835727489257	0.25044151472736087	0.13574850065631686	0.005747126436781609	0.005747126436781609	0.017241379310344827	0.5517241379310345	0.005747126436781609	0.008620689655172414	0.1206896551724138	0.9971264367816092	0.05172413793103448	0.02586206896551724	0.028735632183908046	0.01440922190201729	0	0.0	0.0	0	0	0	0	0	0	0	0	0	0	0	0	0	0	0	0	0	0	0	0	0	0	0	0
524	2748	0.0	0.0	0.1388253538751713	0.23371389063019246	0.0	0.0	0.3739172312510329	1.0	0.5091411179759656	0.12453921185941823	0.1322909366025141	0.1322909366025141	0.005154639175257732	0.005154639175257732	0.030927835051546393	0.20103092783505155	0.005154639175257732	0.005154639175257732	0.14948453608247422	1.0	0.08762886597938144	0.020618556701030927	0.02577319587628866	0.02577319587628866	0	0.0	0.0	0	0	0	0	0	0	0	0	0	0	0	0	0	0	0	0	0	0	0	0	0	0	0	0
525	2750	0.0	0.0	0.1388253538751713	0.23371389063019246	0.0	0.0	0.3739172312510329	1.0	0.5091411179759656	0.12453921185941823	0.1322909366025141	0.1322909366025141	0.005154639175257732	0.005154639175257732	0.030927835051546393	0.20103092783505155	0.005154639175257732	0.005154639175257732	0.14948453608247422	1.0	0.08762886597938144	0.020618556701030927	0.02577319587628866	0.02577319587628866	0	0.0	0.0	0	0	0	0	0	0	0	0	0	0	0	0	0	0	0	0	0	0	0	0	0	0	0	0
526	2749	0.13520520029325336	0.124530115851107	0.004259260409299242	0.9720012003882974	0.13519705843923124	0.1246065776834009	0.07084261619905845	0.9999893119756565	0.26817262467474	0.7030296062494772	0.6908706160074507	0.9332159645993594	0.0003669724770642202	0.0002935779816513761	0.00044036697247706424	0.8275229357798165	0.0003669724770642202	0.0003669724770642202	0.0013944954128440367	0.9999266055045871	0.03823853211009174	0.28628230616302186	0.3283263382666961	0.5475699558173786	0	0.0	0.0	0	0	0	0	0	0	0	0	0	0	0	0	0	0	0	0	0	0	0	0	0	0	0	0
527	2766	0.13520520029325336	0.124530115851107	0.004259260409299242	0.9720012003882974	0.13519705843923124	0.1246065776834009	0.07084261619905845	0.9999893119756565	0.26817262467474	0.7030296062494772	0.6908706160074507	0.9332159645993594	0.0003669724770642202	0.0002935779816513761	0.00044036697247706424	0.8275229357798165	0.0003669724770642202	0.0003669724770642202	0.0013944954128440367	0.9999266055045871	0.03823853211009174	0.28628230616302186	0.3283263382666961	0.5475699558173786	7436	1.8262506724045187	1.2626632925279426e-09	0	0	0	0	0	0	0	0	0	0	0	0	0	0	0	0	0	0	0	0	0	0	0	1
528	2859	0.13520520029325336	0.124530115851107	0.004259260409299242	0.9720012003882974	0.13519705843923124	0.1246065776834009	0.07084261619905845	0.9999893119756565	0.26817262467474	0.7030296062494772	0.6908706160074507	0.9332159645993594	0.0003669724770642202	0.0002935779816513761	0.00044036697247706424	0.8275229357798165	0.0003669724770642202	0.0003669724770642202	0.0013944954128440367	0.9999266055045871	0.03823853211009174	0.28628230616302186	0.3283263382666961	0.5475699558173786	5	2725.0	0.033615323154616614	0	0	0	0	0	0	0	0	0	0	0	0	0	0	0	0	0	1	0	0	0	0	0	0
529	2860	0.13520520029325336	0.124530115851107	0.004259260409299242	0.9720012003882974	0.13519705843923124	0.1246065776834009	0.07084261619905845	0.9999893119756565	0.26817262467474	0.7030296062494772	0.6908706160074507	0.9332159645993594	0.0003669724770642202	0.0002935779816513761	0.00044036697247706424	0.8275229357798165	0.0003669724770642202	0.0003669724770642202	0.0013944954128440367	0.9999266055045871	0.03823853211009174	0.28628230616302186	0.3283263382666961	0.5475699558173786	11	1238.6363636363637	0.007413116089930377	0	0	0	0	0	0	0	0	0	0	0	0	0	0	0	0	1	1	0	0	0	0	0	0
530	2866	0.13520520029325336	0.124530115851107	0.004259260409299242	0.9720012003882974	0.13519705843923124	0.1246065776834009	0.07084261619905845	0.9999893119756565	0.26817262467474	0.7030296062494772	0.6908706160074507	0.9332159645993594	0.0003669724770642202	0.0002935779816513761	0.00044036697247706424	0.8275229357798165	0.0003669724770642202	0.0003669724770642202	0.0013944954128440367	0.9999266055045871	0.03823853211009174	0.28628230616302186	0.3283263382666961	0.5475699558173786	26	524.0384615384615	0.005127149247792085	0	0	0	0	0	0	0	0	0	0	0	0	0	0	1	0	1	1	0	0	0	0	0	0
531	2891	0.13520520029325336	0.124530115851107	0.004259260409299242	0.9720012003882974	0.13519705843923124	0.1246065776834009	0.07084261619905845	0.9999893119756565	0.26817262467474	0.7030296062494772	0.6908706160074507	0.9332159645993594	0.0003669724770642202	0.0002935779816513761	0.00044036697247706424	0.8275229357798165	0.0003669724770642202	0.0003669724770642202	0.0013944954128440367	0.9999266055045871	0.03823853211009174	0.28628230616302186	0.3283263382666961	0.5475699558173786	13518	1.0079418095450159	1.256318643206225e-10	0	0	0	0	0	0	0	0	0	0	0	0	0	0	0	0	1	1	0	0	0	0	0	1
532	2951	0.0	0.185803004278027	0.05703882718337273	0.9807769800471735	0.0	0.185803004278027	0.44963412648581097	1.0	0.34641732160390193	0.8317046228611611	0.0	0.8774062715249278	0.043478260869565216	0.13043478260869565	0.08695652173913043	0.9565217391304348	0.043478260869565216	0.13043478260869565	0.21739130434782608	1.0	0.2608695652173913	0.6956521739130435	0.043478260869565216	0.782608695652174	0	0.0	0.0	0	0	0	0	0	0	0	0	0	0	0	0	0	0	0	0	0	0	0	0	0	0	0	0
533	2969	0.13520520029325336	0.124530115851107	0.004259260409299242	0.9720012003882974	0.13519705843923124	0.1246065776834009	0.07084261619905845	0.9999893119756565	0.26817262467474	0.7030296062494772	0.6908706160074507	0.9332159645993594	0.0003669724770642202	0.0002935779816513761	0.00044036697247706424	0.8275229357798165	0.0003669724770642202	0.0003669724770642202	0.0013944954128440367	0.9999266055045871	0.03823853211009174	0.28628230616302186	0.3283263382666961	0.5475699558173786	5	2725.0	0.033615323154616614	0	0	0	0	0	0	0	0	0	0	0	0	0	0	0	0	0	1	0	0	0	0	0	0
534	2970	0.13520520029325336	0.124530115851107	0.004259260409299242	0.9720012003882974	0.13519705843923124	0.1246065776834009	0.07084261619905845	0.9999893119756565	0.26817262467474	0.7030296062494772	0.6908706160074507	0.9332159645993594	0.0003669724770642202	0.0002935779816513761	0.00044036697247706424	0.8275229357798165	0.0003669724770642202	0.0003669724770642202	0.0013944954128440367	0.9999266055045871	0.03823853211009174	0.28628230616302186	0.3283263382666961	0.5475699558173786	11	1238.6363636363637	0.007413116089930377	0	0	0	0	0	0	0	0	0	0	0	0	0	0	0	0	1	1	0	0	0	0	0	0
535	2993	0.13440864374468953	0.12435242252209446	0.0	0.9724205566612727	0.13440040473423878	0.12442932402749578	0.06651363375387548	0.9999892483354612	0.266637885263024	0.703134360176821	0.6909285378512373	0.9337189852397746	0.00029515938606847696	0.00029515938606847696	7.378984651711924e-05	0.8293978748524203	0.00029515938606847696	0.0003689492325855962	0.00044273907910271547	0.9999262101534829	0.03844451003541913	0.28689492325855964	0.3290289256198347	0.5487417902737806	9	1505.7777777777778	0.006945417005097339	0	0	0	0	0	0	0	0	0	0	0	0	0	0	0	0	1	1	0	0	0	0	0	0
536	3085	0.13440864374468953	0.12435242252209446	0.0	0.9724205566612727	0.13440040473423878	0.12442932402749578	0.06651363375387548	0.9999892483354612	0.266637885263024	0.703134360176821	0.6909285378512373	0.9337189852397746	0.00029515938606847696	0.00029515938606847696	7.378984651711924e-05	0.8293978748524203	0.00029515938606847696	0.0003689492325855962	0.00044273907910271547	0.9999262101534829	0.03844451003541913	0.28689492325855964	0.3290289256198347	0.5487417902737806	5997	2.2597965649491414	2.2572612073122993e-06	0	0	0	0	0	0	0	0	0	0	0	0	0	0	0	0	1	1	0	0	0	1	0	0
537	3129	0.11727202822531077	0.1465841131470809	0.0	0.9716127863312624	0.11725285948744055	0.1466865178272719	0.07872383517351546	0.9999845918743929	0.2827684340835969	0.6874193490643966	0.8736368417627581	0.9515599326966449	0.0004085384536819528	0.0004085384536819528	0.0001021346134204882	0.8352568685527525	0.0004085384536819528	0.000510673067102441	0.0006128076805229292	0.9998978653865795	0.05321213359207436	0.39689510775201714	0.4551118374016954	0.6834525025536261	5993	1.6337393625896879	4.3243782693771926e-06	0	0	0	0	0	0	0	0	0	0	0	0	0	0	0	0	1	1	0	0	0	1	0	0
538	2762	0.11719457793754988	0.11719457793754988	0.17832303691903587	0.614791122159637	0.11731081881026093	0.12027350080880579	0.3673535700662918	0.9993192982471565	0.4655851546461917	0.24959835727489257	0.25044151472736087	0.13574850065631686	0.005747126436781609	0.005747126436781609	0.017241379310344827	0.5517241379310345	0.005747126436781609	0.008620689655172414	0.1206896551724138	0.9971264367816092	0.05172413793103448	0.02586206896551724	0.028735632183908046	0.01440922190201729	0	0.0	0.0	0	0	0	0	0	0	0	0	0	0	0	0	0	0	0	0	0	0	0	0	0	0	0	0
539	2765	0.11719457793754988	0.11719457793754988	0.17832303691903587	0.614791122159637	0.11731081881026093	0.12027350080880579	0.3673535700662918	0.9993192982471565	0.4655851546461917	0.24959835727489257	0.25044151472736087	0.13574850065631686	0.005747126436781609	0.005747126436781609	0.017241379310344827	0.5517241379310345	0.005747126436781609	0.008620689655172414	0.1206896551724138	0.9971264367816092	0.05172413793103448	0.02586206896551724	0.028735632183908046	0.01440922190201729	3	116.0	0.05691526841943013	0	0	0	0	0	0	0	0	0	0	0	0	0	0	0	0	0	1	0	0	0	0	0	0
540	2768	0.11719457793754988	0.11719457793754988	0.17832303691903587	0.614791122159637	0.11731081881026093	0.12027350080880579	0.3673535700662918	0.9993192982471565	0.4655851546461917	0.24959835727489257	0.25044151472736087	0.13574850065631686	0.005747126436781609	0.005747126436781609	0.017241379310344827	0.5517241379310345	0.005747126436781609	0.008620689655172414	0.1206896551724138	0.9971264367816092	0.05172413793103448	0.02586206896551724	0.028735632183908046	0.01440922190201729	3	116.0	0.05691526841943013	0	0	0	0	0	0	0	0	0	0	0	0	0	0	0	0	1	1	0	0	0	0	0	0
541	2771	0.11719457793754988	0.11719457793754988	0.17832303691903587	0.614791122159637	0.11731081881026093	0.12027350080880579	0.3673535700662918	0.9993192982471565	0.4655851546461917	0.24959835727489257	0.25044151472736087	0.13574850065631686	0.005747126436781609	0.005747126436781609	0.017241379310344827	0.5517241379310345	0.005747126436781609	0.008620689655172414	0.1206896551724138	0.9971264367816092	0.05172413793103448	0.02586206896551724	0.028735632183908046	0.01440922190201729	12	29.0	0.022983000836746374	0	0	0	0	0	0	0	0	0	0	0	0	0	0	1	0	1	1	0	0	0	0	0	0
542	2776	0.11719457793754988	0.11719457793754988	0.17832303691903587	0.614791122159637	0.11731081881026093	0.12027350080880579	0.3673535700662918	0.9993192982471565	0.4655851546461917	0.24959835727489257	0.25044151472736087	0.13574850065631686	0.005747126436781609	0.005747126436781609	0.017241379310344827	0.5517241379310345	0.005747126436781609	0.008620689655172414	0.1206896551724138	0.9971264367816092	0.05172413793103448	0.02586206896551724	0.028735632183908046	0.01440922190201729	11	34.7	0.022197759303706533	0	0	0	0	0	0	0	0	0	0	0	0	0	0	0	0	0	1	0	0	0	0	0	1
543	2777	0.11719457793754988	0.11719457793754988	0.17832303691903587	0.614791122159637	0.11731081881026093	0.12027350080880579	0.3673535700662918	0.9993192982471565	0.4655851546461917	0.24959835727489257	0.25044151472736087	0.13574850065631686	0.005747126436781609	0.005747126436781609	0.017241379310344827	0.5517241379310345	0.005747126436781609	0.008620689655172414	0.1206896551724138	0.9971264367816092	0.05172413793103448	0.02586206896551724	0.028735632183908046	0.01440922190201729	0	0.0	0.0	0	0	0	0	0	0	0	0	0	0	0	0	0	0	0	0	0	0	0	0	0	0	0	0
544	2782	0.11719457793754988	0.11719457793754988	0.17832303691903587	0.614791122159637	0.11731081881026093	0.12027350080880579	0.3673535700662918	0.9993192982471565	0.4655851546461917	0.24959835727489257	0.25044151472736087	0.13574850065631686	0.005747126436781609	0.005747126436781609	0.017241379310344827	0.5517241379310345	0.005747126436781609	0.008620689655172414	0.1206896551724138	0.9971264367816092	0.05172413793103448	0.02586206896551724	0.028735632183908046	0.01440922190201729	3	116.0	0.05691526841943013	0	0	0	0	0	0	0	0	0	0	0	0	0	1	0	0	0	1	0	0	0	0	0	0
545	2784	0.11719457793754988	0.11719457793754988	0.17832303691903587	0.614791122159637	0.11731081881026093	0.12027350080880579	0.3673535700662918	0.9993192982471565	0.4655851546461917	0.24959835727489257	0.25044151472736087	0.13574850065631686	0.005747126436781609	0.005747126436781609	0.017241379310344827	0.5517241379310345	0.005747126436781609	0.008620689655172414	0.1206896551724138	0.9971264367816092	0.05172413793103448	0.02586206896551724	0.028735632183908046	0.01440922190201729	2	174.0	0.0036414982164090347	0	0	0	0	0	0	0	0	0	0	0	0	0	1	0	0	0	0	0	0	0	0	0	0
546	2787	0.11719457793754988	0.11719457793754988	0.17832303691903587	0.614791122159637	0.11731081881026093	0.12027350080880579	0.3673535700662918	0.9993192982471565	0.4655851546461917	0.24959835727489257	0.25044151472736087	0.13574850065631686	0.005747126436781609	0.005747126436781609	0.017241379310344827	0.5517241379310345	0.005747126436781609	0.008620689655172414	0.1206896551724138	0.9971264367816092	0.05172413793103448	0.02586206896551724	0.028735632183908046	0.01440922190201729	12	29.0	0.022983000836746374	0	0	0	0	0	0	0	0	0	0	0	0	0	1	1	0	0	1	0	0	0	0	0	0
547	2789	0.11719457793754988	0.11719457793754988	0.17832303691903587	0.614791122159637	0.11731081881026093	0.12027350080880579	0.3673535700662918	0.9993192982471565	0.4655851546461917	0.24959835727489257	0.25044151472736087	0.13574850065631686	0.005747126436781609	0.005747126436781609	0.017241379310344827	0.5517241379310345	0.005747126436781609	0.008620689655172414	0.1206896551724138	0.9971264367816092	0.05172413793103448	0.02586206896551724	0.028735632183908046	0.01440922190201729	12	29.0	0.022983000836746374	0	0	0	0	0	0	0	0	0	0	0	0	0	1	1	0	0	1	0	0	0	0	0	0
548	2791	0.11719457793754988	0.11719457793754988	0.17832303691903587	0.614791122159637	0.11731081881026093	0.12027350080880579	0.3673535700662918	0.9993192982471565	0.4655851546461917	0.24959835727489257	0.25044151472736087	0.13574850065631686	0.005747126436781609	0.005747126436781609	0.017241379310344827	0.5517241379310345	0.005747126436781609	0.008620689655172414	0.1206896551724138	0.9971264367816092	0.05172413793103448	0.02586206896551724	0.028735632183908046	0.01440922190201729	12	29.0	0.022983000836746374	0	0	0	0	0	0	0	0	0	0	0	0	0	1	1	0	1	1	0	0	0	0	0	0
549	2796	0.11719457793754988	0.11719457793754988	0.17832303691903587	0.614791122159637	0.11731081881026093	0.12027350080880579	0.3673535700662918	0.9993192982471565	0.4655851546461917	0.24959835727489257	0.25044151472736087	0.13574850065631686	0.005747126436781609	0.005747126436781609	0.017241379310344827	0.5517241379310345	0.005747126436781609	0.008620689655172414	0.1206896551724138	0.9971264367816092	0.05172413793103448	0.02586206896551724	0.028735632183908046	0.01440922190201729	22	16.523809523809526	0.012384471377213971	0	0	0	0	0	0	0	0	0	0	0	0	0	1	1	0	1	1	0	0	0	0	0	1
550	2815	0.13520520029325336	0.124530115851107	0.004259260409299242	0.9720012003882974	0.13519705843923124	0.1246065776834009	0.07084261619905845	0.9999893119756565	0.26817262467474	0.7030296062494772	0.6908706160074507	0.9332159645993594	0.0003669724770642202	0.0002935779816513761	0.00044036697247706424	0.8275229357798165	0.0003669724770642202	0.0003669724770642202	0.0013944954128440367	0.9999266055045871	0.03823853211009174	0.28628230616302186	0.3283263382666961	0.5475699558173786	0	0.0	0.0	0	0	0	0	0	0	0	0	0	0	0	0	0	0	0	0	0	0	0	0	0	0	0	0
551	2825	0.13520520029325336	0.124530115851107	0.004259260409299242	0.9720012003882974	0.13519705843923124	0.1246065776834009	0.07084261619905845	0.9999893119756565	0.26817262467474	0.7030296062494772	0.6908706160074507	0.9332159645993594	0.0003669724770642202	0.0002935779816513761	0.00044036697247706424	0.8275229357798165	0.0003669724770642202	0.0003669724770642202	0.0013944954128440367	0.9999266055045871	0.03823853211009174	0.28628230616302186	0.3283263382666961	0.5475699558173786	4	3406.25	0.02953924922144601	0	0	0	0	0	0	0	0	0	0	0	0	0	1	0	0	0	0	0	0	0	0	0	0
552	2830	0.13520520029325336	0.124530115851107	0.004259260409299242	0.9720012003882974	0.13519705843923124	0.1246065776834009	0.07084261619905845	0.9999893119756565	0.26817262467474	0.7030296062494772	0.6908706160074507	0.9332159645993594	0.0003669724770642202	0.0002935779816513761	0.00044036697247706424	0.8275229357798165	0.0003669724770642202	0.0003669724770642202	0.0013944954128440367	0.9999266055045871	0.03823853211009174	0.28628230616302186	0.3283263382666961	0.5475699558173786	5	2725.0	0.033615323154616614	0	0	0	0	0	0	0	0	0	0	0	0	0	1	0	0	0	1	0	0	0	0	0	0
553	2853	0.13520520029325336	0.124530115851107	0.004259260409299242	0.9720012003882974	0.13519705843923124	0.1246065776834009	0.07084261619905845	0.9999893119756565	0.26817262467474	0.7030296062494772	0.6908706160074507	0.9332159645993594	0.0003669724770642202	0.0002935779816513761	0.00044036697247706424	0.8275229357798165	0.0003669724770642202	0.0003669724770642202	0.0013944954128440367	0.9999266055045871	0.03823853211009174	0.28628230616302186	0.3283263382666961	0.5475699558173786	6	2270.8333333333335	0.13710909885999123	0	0	0	0	0	0	0	0	0	0	0	0	0	0	1	0	0	0	0	0	0	0	0	0
554	2906	0.13520520029325336	0.124530115851107	0.004259260409299242	0.9720012003882974	0.13519705843923124	0.1246065776834009	0.07084261619905845	0.9999893119756565	0.26817262467474	0.7030296062494772	0.6908706160074507	0.9332159645993594	0.0003669724770642202	0.0002935779816513761	0.00044036697247706424	0.8275229357798165	0.0003669724770642202	0.0003669724770642202	0.0013944954128440367	0.9999266055045871	0.03823853211009174	0.28628230616302186	0.3283263382666961	0.5475699558173786	0	0.0	0.0	0	0	0	0	0	0	0	0	0	0	0	0	0	0	0	0	0	0	0	0	0	0	0	0
555	2938	0.13520520029325336	0.124530115851107	0.004259260409299242	0.9720012003882974	0.13519705843923124	0.1246065776834009	0.07084261619905845	0.9999893119756565	0.26817262467474	0.7030296062494772	0.6908706160074507	0.9332159645993594	0.0003669724770642202	0.0002935779816513761	0.00044036697247706424	0.8275229357798165	0.0003669724770642202	0.0003669724770642202	0.0013944954128440367	0.9999266055045871	0.03823853211009174	0.28628230616302186	0.3283263382666961	0.5475699558173786	5	2725.0	0.033615323154616614	0	0	0	0	0	0	0	0	0	0	0	0	0	0	0	0	0	1	0	0	0	0	0	0
556	2956	0.13440864374468953	0.12435242252209446	0.0	0.9724205566612727	0.13440040473423878	0.12442932402749578	0.06651363375387548	0.9999892483354612	0.266637885263024	0.703134360176821	0.6909285378512373	0.9337189852397746	0.00029515938606847696	0.00029515938606847696	7.378984651711924e-05	0.8293978748524203	0.00029515938606847696	0.0003689492325855962	0.00044273907910271547	0.9999262101534829	0.03844451003541913	0.28689492325855964	0.3290289256198347	0.5487417902737806	0	0.0	0.0	0	0	0	0	0	0	0	0	0	0	0	0	0	0	0	0	0	0	0	0	0	0	0	0
557	2957	0.13440864374468953	0.12435242252209446	0.0	0.9724205566612727	0.13440040473423878	0.12442932402749578	0.06651363375387548	0.9999892483354612	0.266637885263024	0.703134360176821	0.6909285378512373	0.9337189852397746	0.00029515938606847696	0.00029515938606847696	7.378984651711924e-05	0.8293978748524203	0.00029515938606847696	0.0003689492325855962	0.00044273907910271547	0.9999262101534829	0.03844451003541913	0.28689492325855964	0.3290289256198347	0.5487417902737806	0	0.0	0.0	0	0	0	0	0	0	0	0	0	0	0	0	0	0	0	0	0	0	0	0	0	0	0	0
558	2967	0.13440864374468953	0.12435242252209446	0.0	0.9724205566612727	0.13440040473423878	0.12442932402749578	0.06651363375387548	0.9999892483354612	0.266637885263024	0.703134360176821	0.6909285378512373	0.9337189852397746	0.00029515938606847696	0.00029515938606847696	7.378984651711924e-05	0.8293978748524203	0.00029515938606847696	0.0003689492325855962	0.00044273907910271547	0.9999262101534829	0.03844451003541913	0.28689492325855964	0.3290289256198347	0.5487417902737806	0	0.0	0.0	0	0	0	0	0	0	0	0	0	0	0	0	0	0	0	0	0	0	0	0	0	0	0	0
559	2990	0.0	0.0	0.0	0.0	0.0	0.0	0.0	0.0	0.0	0.0	0.0	0.0	0.0	0.0	0.0	0.0	0.0	0.0	0.0	0.0	0.0	0.0	0.0	0.0	0	0.0	0.0	0	0	0	0	0	0	0	0	0	0	0	0	0	0	0	0	0	0	0	0	0	0	0	0
560	2991	0.0	0.0	0.0	0.0	0.0	0.0	0.0	0.0	0.0	0.0	0.0	0.0	0.0	0.0	0.0	0.0	0.0	0.0	0.0	0.0	0.0	0.0	0.0	0.0	0	0.0	0.0	0	0	0	0	0	0	0	0	0	0	0	0	0	0	0	0	0	0	0	0	0	0	0	0
561	3001	0.0	0.0	0.0	0.0	0.0	0.0	0.0	0.0	0.0	0.0	0.0	0.0	0.0	0.0	0.0	0.0	0.0	0.0	0.0	0.0	0.0	0.0	0.0	0.0	0	0.0	0.0	0	0	0	0	0	0	0	0	0	0	0	0	0	0	0	0	0	0	0	0	0	0	0	0
562	3003	0.0	0.0	0.0	0.0	0.0	0.0	0.0	0.0	0.0	0.0	0.0	0.0	0.0	0.0	0.0	0.0	0.0	0.0	0.0	0.0	0.0	0.0	0.0	0.0	0	0.0	0.0	0	0	0	0	0	0	0	0	0	0	0	0	0	0	0	0	0	0	0	0	0	0	0	0
563	3006	0.0	0.0	0.0	0.0	0.0	0.0	0.0	0.0	0.0	0.0	0.0	0.0	0.0	0.0	0.0	0.0	0.0	0.0	0.0	0.0	0.0	0.0	0.0	0.0	0	0.0	0.0	0	0	0	0	0	0	0	0	0	0	0	0	0	0	0	0	0	0	0	0	0	0	0	0
564	3009	0.0	0.0	0.0	0.0	0.0	0.0	0.0	0.0	0.0	0.0	0.0	0.0	0.0	0.0	0.0	0.0	0.0	0.0	0.0	0.0	0.0	0.0	0.0	0.0	0	0.0	0.0	0	0	0	0	0	0	0	0	0	0	0	0	0	0	0	0	0	0	0	0	0	0	0	0
565	3010	0.0	0.0	0.0	0.0	0.0	0.0	0.0	0.0	0.0	0.0	0.0	0.0	0.0	0.0	0.0	0.0	0.0	0.0	0.0	0.0	0.0	0.0	0.0	0.0	0	0.0	0.0	0	0	0	0	0	0	0	0	0	0	0	0	0	0	0	0	0	0	0	0	0	0	0	0
566	3025	0.11810259494886738	0.146588394764258	0.0025912542045098508	0.9712091872535983	0.11808364682974193	0.14669045013178245	0.08124859990649602	0.9999846457871939	0.28360640577267116	0.687231678211178	0.8731461766338052	0.9509412989758345	0.0005090612909794339	0.00040724903278354713	0.00040724903278354713	0.8335369578497251	0.0005090612909794339	0.0005090612909794339	0.0012217470983506415	0.9998981877418042	0.05304418652005701	0.39596494803342164	0.45404524149174647	0.6818506063385306	0	0.0	0.0	0	0	0	0	0	0	0	0	0	0	0	0	0	0	0	0	0	0	0	0	0	0	0	0
567	3027	0.11810259494886738	0.146588394764258	0.0025912542045098508	0.9712091872535983	0.11808364682974193	0.14669045013178245	0.08124859990649602	0.9999846457871939	0.28360640577267116	0.687231678211178	0.8731461766338052	0.9509412989758345	0.0005090612909794339	0.00040724903278354713	0.00040724903278354713	0.8335369578497251	0.0005090612909794339	0.0005090612909794339	0.0012217470983506415	0.9998981877418042	0.05304418652005701	0.39596494803342164	0.45404524149174647	0.6818506063385306	0	0.0	0.0	0	0	0	0	0	0	0	0	0	0	0	0	0	0	0	0	0	0	0	0	0	0	0	0
568	3045	0.11810259494886738	0.146588394764258	0.0025912542045098508	0.9712091872535983	0.11808364682974193	0.14669045013178245	0.08124859990649602	0.9999846457871939	0.28360640577267116	0.687231678211178	0.8731461766338052	0.9509412989758345	0.0005090612909794339	0.00040724903278354713	0.00040724903278354713	0.8335369578497251	0.0005090612909794339	0.0005090612909794339	0.0012217470983506415	0.9998981877418042	0.05304418652005701	0.39596494803342164	0.45404524149174647	0.6818506063385306	3886	2.525476067936181	1.84441975907052e-05	0	0	0	0	0	0	0	0	0	0	0	0	0	0	0	0	0	0	0	0	0	1	0	0
569	3052	0.13520520029325336	0.124530115851107	0.004259260409299242	0.9720012003882974	0.13519705843923124	0.1246065776834009	0.07084261619905845	0.9999893119756565	0.26817262467474	0.7030296062494772	0.6908706160074507	0.9332159645993594	0.0003669724770642202	0.0002935779816513761	0.00044036697247706424	0.8275229357798165	0.0003669724770642202	0.0003669724770642202	0.0013944954128440367	0.9999266055045871	0.03823853211009174	0.28628230616302186	0.3283263382666961	0.5475699558173786	5	2725.0	0.033615323154616614	0	0	0	0	0	0	0	0	0	0	0	0	0	0	0	0	0	1	0	0	0	0	0	0
570	3054	0.13520520029325336	0.124530115851107	0.004259260409299242	0.9720012003882974	0.13519705843923124	0.1246065776834009	0.07084261619905845	0.9999893119756565	0.26817262467474	0.7030296062494772	0.6908706160074507	0.9332159645993594	0.0003669724770642202	0.0002935779816513761	0.00044036697247706424	0.8275229357798165	0.0003669724770642202	0.0003669724770642202	0.0013944954128440367	0.9999266055045871	0.03823853211009174	0.28628230616302186	0.3283263382666961	0.5475699558173786	11	1238.6363636363637	0.007413116089930377	0	0	0	0	0	0	0	0	0	0	0	0	0	0	0	0	1	1	0	0	0	0	0	0
571	3079	0.11810259494886738	0.146588394764258	0.0025912542045098508	0.9712091872535983	0.11808364682974193	0.14669045013178245	0.08124859990649602	0.9999846457871939	0.28360640577267116	0.687231678211178	0.8731461766338052	0.9509412989758345	0.0005090612909794339	0.00040724903278354713	0.00040724903278354713	0.8335369578497251	0.0005090612909794339	0.0005090612909794339	0.0012217470983506415	0.9998981877418042	0.05304418652005701	0.39596494803342164	0.45404524149174647	0.6818506063385306	11	892.9090909090909	0.007694660019797678	0	0	0	0	0	0	0	0	0	0	0	0	0	0	0	0	1	1	0	0	0	0	0	0
572	3080	0.11810259494886738	0.146588394764258	0.0025912542045098508	0.9712091872535983	0.11808364682974193	0.14669045013178245	0.08124859990649602	0.9999846457871939	0.28360640577267116	0.687231678211178	0.8731461766338052	0.9509412989758345	0.0005090612909794339	0.00040724903278354713	0.00040724903278354713	0.8335369578497251	0.0005090612909794339	0.0005090612909794339	0.0012217470983506415	0.9998981877418042	0.05304418652005701	0.39596494803342164	0.45404524149174647	0.6818506063385306	11	892.9090909090909	0.007694660019797678	0	0	0	0	0	0	0	0	0	0	0	0	0	0	0	0	1	1	0	0	0	0	0	0
573	3089	0.11810259494886738	0.146588394764258	0.0025912542045098508	0.9712091872535983	0.11808364682974193	0.14669045013178245	0.08124859990649602	0.9999846457871939	0.28360640577267116	0.687231678211178	0.8731461766338052	0.9509412989758345	0.0005090612909794339	0.00040724903278354713	0.00040724903278354713	0.8335369578497251	0.0005090612909794339	0.0005090612909794339	0.0012217470983506415	0.9998981877418042	0.05304418652005701	0.39596494803342164	0.45404524149174647	0.6818506063385306	6001	1.6375771733689304	4.306478211229671e-06	0	0	0	0	0	0	0	0	0	0	0	0	0	0	0	0	1	1	0	0	0	1	0	0
574	3116	0.11810259494886738	0.146588394764258	0.0025912542045098508	0.9712091872535983	0.11808364682974193	0.14669045013178245	0.08124859990649602	0.9999846457871939	0.28360640577267116	0.687231678211178	0.8731461766338052	0.9509412989758345	0.0005090612909794339	0.00040724903278354713	0.00040724903278354713	0.8335369578497251	0.0005090612909794339	0.0005090612909794339	0.0012217470983506415	0.9998981877418042	0.05304418652005701	0.39596494803342164	0.45404524149174647	0.6818506063385306	15	654.8	0.0072535939837710985	0	0	0	0	0	0	0	0	0	0	0	0	0	0	1	0	1	1	0	0	0	0	0	0
575	3125	0.13520520029325336	0.124530115851107	0.004259260409299242	0.9720012003882974	0.13519705843923124	0.1246065776834009	0.07084261619905845	0.9999893119756565	0.26817262467474	0.7030296062494772	0.6908706160074507	0.9332159645993594	0.0003669724770642202	0.0002935779816513761	0.00044036697247706424	0.8275229357798165	0.0003669724770642202	0.0003669724770642202	0.0013944954128440367	0.9999266055045871	0.03823853211009174	0.28628230616302186	0.3283263382666961	0.5475699558173786	6	2270.8333333333335	0.13710909885999123	0	0	0	0	0	0	0	0	0	0	0	0	0	0	1	0	0	0	0	0	0	0	0	0
576	3133	0.13444505245474755	0.12445806199302811	0.0016934375655030481	0.9721830300802359	0.13444505245474755	0.12445806199302811	0.0681516345194901	0.9999999999999998	0.2669334273400722	0.703016167154525	0.6908454602933995	0.9332159645993594	0.0002945508100147275	0.0002945508100147275	0.0002945508100147275	0.8283505154639176	0.0002945508100147275	0.0002945508100147275	0.0008100147275405008	1.0	0.03829160530191458	0.28630338733431515	0.32827687776141384	0.5475699558173786	4	3395.0	0.18643431657921963	0	0	0	0	0	0	0	0	0	0	0	0	0	0	1	0	0	0	0	0	0	0	0	0
577	3143	0.13520520029325336	0.124530115851107	0.004259260409299242	0.9720012003882974	0.13519705843923124	0.1246065776834009	0.07084261619905845	0.9999893119756565	0.26817262467474	0.7030296062494772	0.6908706160074507	0.9332159645993594	0.0003669724770642202	0.0002935779816513761	0.00044036697247706424	0.8275229357798165	0.0003669724770642202	0.0003669724770642202	0.0013944954128440367	0.9999266055045871	0.03823853211009174	0.28628230616302186	0.3283263382666961	0.5475699558173786	5	2725.0	0.033615323154616614	0	0	0	0	0	0	0	0	0	0	0	0	0	0	0	0	0	1	0	0	0	0	0	0
578	3146	0.13520520029325336	0.124530115851107	0.004259260409299242	0.9720012003882974	0.13519705843923124	0.1246065776834009	0.07084261619905845	0.9999893119756565	0.26817262467474	0.7030296062494772	0.6908706160074507	0.9332159645993594	0.0003669724770642202	0.0002935779816513761	0.00044036697247706424	0.8275229357798165	0.0003669724770642202	0.0003669724770642202	0.0013944954128440367	0.9999266055045871	0.03823853211009174	0.28628230616302186	0.3283263382666961	0.5475699558173786	6041	2.264632316158079	2.2488770979783332e-06	0	0	0	0	0	0	0	0	0	0	0	0	0	0	0	0	1	1	0	0	0	1	0	0
579	3148	0.13520520029325336	0.124530115851107	0.004259260409299242	0.9720012003882974	0.13519705843923124	0.1246065776834009	0.07084261619905845	0.9999893119756565	0.26817262467474	0.7030296062494772	0.6908706160074507	0.9332159645993594	0.0003669724770642202	0.0002935779816513761	0.00044036697247706424	0.8275229357798165	0.0003669724770642202	0.0003669724770642202	0.0013944954128440367	0.9999266055045871	0.03823853211009174	0.28628230616302186	0.3283263382666961	0.5475699558173786	6041	2.264632316158079	2.2488770979783332e-06	0	0	0	0	0	0	0	0	0	0	0	0	0	0	0	0	1	1	0	0	0	1	0	0
580	3149	0.13520520029325336	0.124530115851107	0.004259260409299242	0.9720012003882974	0.13519705843923124	0.1246065776834009	0.07084261619905845	0.9999893119756565	0.26817262467474	0.7030296062494772	0.6908706160074507	0.9332159645993594	0.0003669724770642202	0.0002935779816513761	0.00044036697247706424	0.8275229357798165	0.0003669724770642202	0.0003669724770642202	0.0013944954128440367	0.9999266055045871	0.03823853211009174	0.28628230616302186	0.3283263382666961	0.5475699558173786	11	1238.6363636363637	0.007413116089930377	0	0	0	0	0	0	0	0	0	0	0	0	0	0	0	0	1	1	0	0	0	0	0	0
581	2816	0.13520520029325336	0.124530115851107	0.004259260409299242	0.9720012003882974	0.13519705843923124	0.1246065776834009	0.07084261619905845	0.9999893119756565	0.26817262467474	0.7030296062494772	0.6908706160074507	0.9332159645993594	0.0003669724770642202	0.0002935779816513761	0.00044036697247706424	0.8275229357798165	0.0003669724770642202	0.0003669724770642202	0.0013944954128440367	0.9999266055045871	0.03823853211009174	0.28628230616302186	0.3283263382666961	0.5475699558173786	0	0.0	0.0	0	0	0	0	0	0	0	0	0	0	0	0	0	0	0	0	0	0	0	0	0	0	0	0
582	2823	0.13520520029325336	0.124530115851107	0.004259260409299242	0.9720012003882974	0.13519705843923124	0.1246065776834009	0.07084261619905845	0.9999893119756565	0.26817262467474	0.7030296062494772	0.6908706160074507	0.9332159645993594	0.0003669724770642202	0.0002935779816513761	0.00044036697247706424	0.8275229357798165	0.0003669724770642202	0.0003669724770642202	0.0013944954128440367	0.9999266055045871	0.03823853211009174	0.28628230616302186	0.3283263382666961	0.5475699558173786	0	0.0	0.0	0	0	0	0	0	0	0	0	0	0	0	0	0	0	0	0	0	0	0	0	0	0	0	0
583	2832	0.13520520029325336	0.124530115851107	0.004259260409299242	0.9720012003882974	0.13519705843923124	0.1246065776834009	0.07084261619905845	0.9999893119756565	0.26817262467474	0.7030296062494772	0.6908706160074507	0.9332159645993594	0.0003669724770642202	0.0002935779816513761	0.00044036697247706424	0.8275229357798165	0.0003669724770642202	0.0003669724770642202	0.0013944954128440367	0.9999266055045871	0.03823853211009174	0.28628230616302186	0.3283263382666961	0.5475699558173786	4	3406.25	0.02953924922144601	0	0	0	0	0	0	0	0	0	0	0	0	0	1	0	0	0	0	0	0	0	0	0	0
584	2879	0.13520520029325336	0.124530115851107	0.004259260409299242	0.9720012003882974	0.13519705843923124	0.1246065776834009	0.07084261619905845	0.9999893119756565	0.26817262467474	0.7030296062494772	0.6908706160074507	0.9332159645993594	0.0003669724770642202	0.0002935779816513761	0.00044036697247706424	0.8275229357798165	0.0003669724770642202	0.0003669724770642202	0.0013944954128440367	0.9999266055045871	0.03823853211009174	0.28628230616302186	0.3283263382666961	0.5475699558173786	0	0.0	0.0	0	0	0	0	0	0	0	0	0	0	0	0	0	0	0	0	0	0	0	0	0	0	0	0
585	2937	0.13520520029325336	0.124530115851107	0.004259260409299242	0.9720012003882974	0.13519705843923124	0.1246065776834009	0.07084261619905845	0.9999893119756565	0.26817262467474	0.7030296062494772	0.6908706160074507	0.9332159645993594	0.0003669724770642202	0.0002935779816513761	0.00044036697247706424	0.8275229357798165	0.0003669724770642202	0.0003669724770642202	0.0013944954128440367	0.9999266055045871	0.03823853211009174	0.28628230616302186	0.3283263382666961	0.5475699558173786	7436	1.8262506724045187	1.2626632925279426e-09	0	0	0	0	0	0	0	0	0	0	0	0	0	0	0	0	0	0	0	0	0	0	0	1
586	2995	0.13520520029325336	0.124530115851107	0.004259260409299242	0.9720012003882974	0.13519705843923124	0.1246065776834009	0.07084261619905845	0.9999893119756565	0.26817262467474	0.7030296062494772	0.6908706160074507	0.9332159645993594	0.0003669724770642202	0.0002935779816513761	0.00044036697247706424	0.8275229357798165	0.0003669724770642202	0.0003669724770642202	0.0013944954128440367	0.9999266055045871	0.03823853211009174	0.28628230616302186	0.3283263382666961	0.5475699558173786	7497	1.8223295759527645	1.0440184979513321e-09	0	0	0	0	0	0	0	0	0	0	0	0	0	0	1	0	0	0	0	0	0	0	0	1
587	2818	0.11719457793754988	0.11719457793754988	0.17832303691903587	0.614791122159637	0.11731081881026093	0.12027350080880579	0.3673535700662918	0.9993192982471565	0.4655851546461917	0.24959835727489257	0.25044151472736087	0.13574850065631686	0.005747126436781609	0.005747126436781609	0.017241379310344827	0.5517241379310345	0.005747126436781609	0.008620689655172414	0.1206896551724138	0.9971264367816092	0.05172413793103448	0.02586206896551724	0.028735632183908046	0.01440922190201729	0	0.0	0.0	0	0	0	0	0	0	0	0	0	0	0	0	0	0	0	0	0	0	0	0	0	0	0	0
588	2819	0.11719457793754988	0.11719457793754988	0.17832303691903587	0.614791122159637	0.11731081881026093	0.12027350080880579	0.3673535700662918	0.9993192982471565	0.4655851546461917	0.24959835727489257	0.25044151472736087	0.13574850065631686	0.005747126436781609	0.005747126436781609	0.017241379310344827	0.5517241379310345	0.005747126436781609	0.008620689655172414	0.1206896551724138	0.9971264367816092	0.05172413793103448	0.02586206896551724	0.028735632183908046	0.01440922190201729	3	116.0	0.05691526841943013	0	0	0	0	0	0	0	0	0	0	0	0	0	1	0	0	0	1	0	0	0	0	0	0
589	2820	0.11719457793754988	0.11719457793754988	0.17832303691903587	0.614791122159637	0.11731081881026093	0.12027350080880579	0.3673535700662918	0.9993192982471565	0.4655851546461917	0.24959835727489257	0.25044151472736087	0.13574850065631686	0.005747126436781609	0.005747126436781609	0.017241379310344827	0.5517241379310345	0.005747126436781609	0.008620689655172414	0.1206896551724138	0.9971264367816092	0.05172413793103448	0.02586206896551724	0.028735632183908046	0.01440922190201729	3	116.0	0.05691526841943013	0	0	0	0	0	0	0	0	0	0	0	0	0	1	0	0	1	1	0	0	0	0	0	0
590	2822	0.11719457793754988	0.11719457793754988	0.17832303691903587	0.614791122159637	0.11731081881026093	0.12027350080880579	0.3673535700662918	0.9993192982471565	0.4655851546461917	0.24959835727489257	0.25044151472736087	0.13574850065631686	0.005747126436781609	0.005747126436781609	0.017241379310344827	0.5517241379310345	0.005747126436781609	0.008620689655172414	0.1206896551724138	0.9971264367816092	0.05172413793103448	0.02586206896551724	0.028735632183908046	0.01440922190201729	2	174.0	0.0036414982164090347	0	0	0	0	0	0	0	0	0	0	0	0	0	1	0	0	0	0	0	0	0	0	0	0
591	2827	0.11719457793754988	0.11719457793754988	0.17832303691903587	0.614791122159637	0.11731081881026093	0.12027350080880579	0.3673535700662918	0.9993192982471565	0.4655851546461917	0.24959835727489257	0.25044151472736087	0.13574850065631686	0.005747126436781609	0.005747126436781609	0.017241379310344827	0.5517241379310345	0.005747126436781609	0.008620689655172414	0.1206896551724138	0.9971264367816092	0.05172413793103448	0.02586206896551724	0.028735632183908046	0.01440922190201729	6	58.0	0.04077762364028714	0	0	0	0	0	0	0	0	0	0	0	0	0	0	1	0	0	0	0	0	0	0	0	0
592	2834	0.11719457793754988	0.11719457793754988	0.17832303691903587	0.614791122159637	0.11731081881026093	0.12027350080880579	0.3673535700662918	0.9993192982471565	0.4655851546461917	0.24959835727489257	0.25044151472736087	0.13574850065631686	0.005747126436781609	0.005747126436781609	0.017241379310344827	0.5517241379310345	0.005747126436781609	0.008620689655172414	0.1206896551724138	0.9971264367816092	0.05172413793103448	0.02586206896551724	0.028735632183908046	0.01440922190201729	5	69.4	0.08509197817438896	0	0	0	0	0	0	0	0	0	0	0	0	0	0	0	0	0	0	0	0	0	0	0	1
593	2842	0.11897243825547085	0.11897243825547085	0.16934144978094479	0.592232905284544	0.11904808022284365	0.12218981158673065	0.34753513796933444	0.9992781601105314	0.46291112854340455	0.22932711202897435	0.22609626727084944	0.11770881999376098	0.006042296072507553	0.006042296072507553	0.01812688821752266	0.5317220543806647	0.006042296072507553	0.00906344410876133	0.10574018126888217	0.9969788519637462	0.054380664652567974	0.02416918429003021	0.02416918429003021	0.015151515151515152	5	66.0	0.09702846648301192	0	0	0	0	0	0	0	0	0	0	0	0	0	0	0	0	0	0	0	0	0	0	0	1
594	2843	0.11897243825547085	0.11897243825547085	0.16934144978094479	0.592232905284544	0.11904808022284365	0.12218981158673065	0.34753513796933444	0.9992781601105314	0.46291112854340455	0.22932711202897435	0.22609626727084944	0.11770881999376098	0.006042296072507553	0.006042296072507553	0.01812688821752266	0.5317220543806647	0.006042296072507553	0.00906344410876133	0.10574018126888217	0.9969788519637462	0.054380664652567974	0.02416918429003021	0.02416918429003021	0.015151515151515152	5	66.0	0.09702846648301192	0	0	0	0	0	0	0	0	0	0	0	0	0	0	0	0	0	0	0	0	0	0	0	1
595	2844	0.11897243825547085	0.11897243825547085	0.16934144978094479	0.592232905284544	0.11904808022284365	0.12218981158673065	0.34753513796933444	0.9992781601105314	0.46291112854340455	0.22932711202897435	0.22609626727084944	0.11770881999376098	0.006042296072507553	0.006042296072507553	0.01812688821752266	0.5317220543806647	0.006042296072507553	0.00906344410876133	0.10574018126888217	0.9969788519637462	0.054380664652567974	0.02416918429003021	0.02416918429003021	0.015151515151515152	5	66.0	0.09702846648301192	0	0	0	0	0	0	0	0	0	0	0	0	0	0	0	0	0	0	0	0	0	0	0	1
596	2854	0.11719457793754988	0.11719457793754988	0.17832303691903587	0.614791122159637	0.11731081881026093	0.12027350080880579	0.3673535700662918	0.9993192982471565	0.4655851546461917	0.24959835727489257	0.25044151472736087	0.13574850065631686	0.005747126436781609	0.005747126436781609	0.017241379310344827	0.5517241379310345	0.005747126436781609	0.008620689655172414	0.1206896551724138	0.9971264367816092	0.05172413793103448	0.02586206896551724	0.028735632183908046	0.01440922190201729	0	0.0	0.0	0	0	0	0	0	0	0	0	0	0	0	0	0	0	0	0	0	0	0	0	0	0	0	0
597	2856	0.11719457793754988	0.11719457793754988	0.17832303691903587	0.614791122159637	0.11731081881026093	0.12027350080880579	0.3673535700662918	0.9993192982471565	0.4655851546461917	0.24959835727489257	0.25044151472736087	0.13574850065631686	0.005747126436781609	0.005747126436781609	0.017241379310344827	0.5517241379310345	0.005747126436781609	0.008620689655172414	0.1206896551724138	0.9971264367816092	0.05172413793103448	0.02586206896551724	0.028735632183908046	0.01440922190201729	2	174.0	0.0036414982164090347	0	0	0	0	0	0	0	0	0	0	0	0	0	1	0	0	0	0	0	0	0	0	0	0
598	2857	0.11719457793754988	0.11719457793754988	0.17832303691903587	0.614791122159637	0.11731081881026093	0.12027350080880579	0.3673535700662918	0.9993192982471565	0.4655851546461917	0.24959835727489257	0.25044151472736087	0.13574850065631686	0.005747126436781609	0.005747126436781609	0.017241379310344827	0.5517241379310345	0.005747126436781609	0.008620689655172414	0.1206896551724138	0.9971264367816092	0.05172413793103448	0.02586206896551724	0.028735632183908046	0.01440922190201729	3	116.0	0.05691526841943013	0	0	0	0	0	0	0	0	0	0	0	0	0	1	0	0	0	1	0	0	0	0	0	0
599	2864	0.11719457793754988	0.11719457793754988	0.17832303691903587	0.614791122159637	0.11731081881026093	0.12027350080880579	0.3673535700662918	0.9993192982471565	0.4655851546461917	0.24959835727489257	0.25044151472736087	0.13574850065631686	0.005747126436781609	0.005747126436781609	0.017241379310344827	0.5517241379310345	0.005747126436781609	0.008620689655172414	0.1206896551724138	0.9971264367816092	0.05172413793103448	0.02586206896551724	0.028735632183908046	0.01440922190201729	6	58.0	0.04077762364028714	0	0	0	0	0	0	0	0	0	0	0	0	0	0	1	0	0	0	0	0	0	0	0	0
600	2868	0.11719457793754988	0.11719457793754988	0.17832303691903587	0.614791122159637	0.11731081881026093	0.12027350080880579	0.3673535700662918	0.9993192982471565	0.4655851546461917	0.24959835727489257	0.25044151472736087	0.13574850065631686	0.005747126436781609	0.005747126436781609	0.017241379310344827	0.5517241379310345	0.005747126436781609	0.008620689655172414	0.1206896551724138	0.9971264367816092	0.05172413793103448	0.02586206896551724	0.028735632183908046	0.01440922190201729	5	69.4	0.08509197817438896	0	0	0	0	0	0	0	0	0	0	0	0	0	0	0	0	0	0	0	0	0	0	0	1
601	2870	0.11719457793754988	0.11719457793754988	0.17832303691903587	0.614791122159637	0.11731081881026093	0.12027350080880579	0.3673535700662918	0.9993192982471565	0.4655851546461917	0.24959835727489257	0.25044151472736087	0.13574850065631686	0.005747126436781609	0.005747126436781609	0.017241379310344827	0.5517241379310345	0.005747126436781609	0.008620689655172414	0.1206896551724138	0.9971264367816092	0.05172413793103448	0.02586206896551724	0.028735632183908046	0.01440922190201729	5	69.4	0.08509197817438896	0	0	0	0	0	0	0	0	0	0	0	0	0	0	0	0	0	0	0	0	0	0	0	1
602	2952	0.11719457793754988	0.11719457793754988	0.17832303691903587	0.614791122159637	0.11731081881026093	0.12027350080880579	0.3673535700662918	0.9993192982471565	0.4655851546461917	0.24959835727489257	0.25044151472736087	0.13574850065631686	0.005747126436781609	0.005747126436781609	0.017241379310344827	0.5517241379310345	0.005747126436781609	0.008620689655172414	0.1206896551724138	0.9971264367816092	0.05172413793103448	0.02586206896551724	0.028735632183908046	0.01440922190201729	5	69.4	0.08509197817438896	0	0	0	0	0	0	0	0	0	0	0	0	0	0	0	0	0	0	0	0	0	0	0	1
603	2955	0.11719457793754988	0.11719457793754988	0.17832303691903587	0.614791122159637	0.11731081881026093	0.12027350080880579	0.3673535700662918	0.9993192982471565	0.4655851546461917	0.24959835727489257	0.25044151472736087	0.13574850065631686	0.005747126436781609	0.005747126436781609	0.017241379310344827	0.5517241379310345	0.005747126436781609	0.008620689655172414	0.1206896551724138	0.9971264367816092	0.05172413793103448	0.02586206896551724	0.028735632183908046	0.01440922190201729	5	69.4	0.08509197817438896	0	0	0	0	0	0	0	0	0	0	0	0	0	0	0	0	0	0	0	0	0	0	0	1
604	2958	0.11719457793754988	0.11719457793754988	0.17832303691903587	0.614791122159637	0.11731081881026093	0.12027350080880579	0.3673535700662918	0.9993192982471565	0.4655851546461917	0.24959835727489257	0.25044151472736087	0.13574850065631686	0.005747126436781609	0.005747126436781609	0.017241379310344827	0.5517241379310345	0.005747126436781609	0.008620689655172414	0.1206896551724138	0.9971264367816092	0.05172413793103448	0.02586206896551724	0.028735632183908046	0.01440922190201729	5	69.4	0.08509197817438896	0	0	0	0	0	0	0	0	0	0	0	0	0	0	0	0	0	0	0	0	0	0	0	1
605	2959	0.11719457793754988	0.11719457793754988	0.17832303691903587	0.614791122159637	0.11731081881026093	0.12027350080880579	0.3673535700662918	0.9993192982471565	0.4655851546461917	0.24959835727489257	0.25044151472736087	0.13574850065631686	0.005747126436781609	0.005747126436781609	0.017241379310344827	0.5517241379310345	0.005747126436781609	0.008620689655172414	0.1206896551724138	0.9971264367816092	0.05172413793103448	0.02586206896551724	0.028735632183908046	0.01440922190201729	5	69.4	0.08509197817438896	0	0	0	0	0	0	0	0	0	0	0	0	0	0	0	0	0	0	0	0	0	0	0	1
606	2961	0.11719457793754988	0.11719457793754988	0.17832303691903587	0.614791122159637	0.11731081881026093	0.12027350080880579	0.3673535700662918	0.9993192982471565	0.4655851546461917	0.24959835727489257	0.25044151472736087	0.13574850065631686	0.005747126436781609	0.005747126436781609	0.017241379310344827	0.5517241379310345	0.005747126436781609	0.008620689655172414	0.1206896551724138	0.9971264367816092	0.05172413793103448	0.02586206896551724	0.028735632183908046	0.01440922190201729	11	34.7	0.02219775930370653	0	0	0	0	0	0	0	0	0	0	0	0	0	1	0	0	0	0	0	0	0	0	0	1
607	2964	0.11719457793754988	0.11719457793754988	0.17832303691903587	0.614791122159637	0.11731081881026093	0.12027350080880579	0.3673535700662918	0.9993192982471565	0.4655851546461917	0.24959835727489257	0.25044151472736087	0.13574850065631686	0.005747126436781609	0.005747126436781609	0.017241379310344827	0.5517241379310345	0.005747126436781609	0.008620689655172414	0.1206896551724138	0.9971264367816092	0.05172413793103448	0.02586206896551724	0.028735632183908046	0.01440922190201729	11	34.7	0.02219775930370653	0	0	0	0	0	0	0	0	0	0	0	0	0	1	0	0	0	1	0	0	0	0	0	1
608	2965	0.11719457793754988	0.11719457793754988	0.17832303691903587	0.614791122159637	0.11731081881026093	0.12027350080880579	0.3673535700662918	0.9993192982471565	0.4655851546461917	0.24959835727489257	0.25044151472736087	0.13574850065631686	0.005747126436781609	0.005747126436781609	0.017241379310344827	0.5517241379310345	0.005747126436781609	0.008620689655172414	0.1206896551724138	0.9971264367816092	0.05172413793103448	0.02586206896551724	0.028735632183908046	0.01440922190201729	11	34.7	0.02219775930370653	0	0	0	0	0	0	0	0	0	0	0	0	0	1	0	0	0	0	0	0	0	0	0	1
609	2985	0.11719457793754988	0.11719457793754988	0.17832303691903587	0.614791122159637	0.11731081881026093	0.12027350080880579	0.3673535700662918	0.9993192982471565	0.4655851546461917	0.24959835727489257	0.25044151472736087	0.13574850065631686	0.005747126436781609	0.005747126436781609	0.017241379310344827	0.5517241379310345	0.005747126436781609	0.008620689655172414	0.1206896551724138	0.9971264367816092	0.05172413793103448	0.02586206896551724	0.028735632183908046	0.01440922190201729	11	34.7	0.02219775930370653	0	0	0	0	0	0	0	0	0	0	0	0	0	1	0	0	0	1	0	0	0	0	0	1
610	2996	0.11719457793754988	0.11719457793754988	0.17832303691903587	0.614791122159637	0.11731081881026093	0.12027350080880579	0.3673535700662918	0.9993192982471565	0.4655851546461917	0.24959835727489257	0.25044151472736087	0.13574850065631686	0.005747126436781609	0.005747126436781609	0.017241379310344827	0.5517241379310345	0.005747126436781609	0.008620689655172414	0.1206896551724138	0.9971264367816092	0.05172413793103448	0.02586206896551724	0.028735632183908046	0.01440922190201729	11	34.7	0.02219775930370653	0	0	0	0	0	0	0	0	0	0	0	0	0	1	0	0	0	1	0	0	0	0	0	1
611	3004	0.07930391451525155	0.07930391451525155	0.0	0.9965598748320971	0.07700148179515003	0.08435129173176244	0.15977381782747332	0.9982799374160485	0.5400068291403872	0.23490136954362015	0.23655819712738332	0.1832076738842535	0.012578616352201259	0.012578616352201259	0.006289308176100629	0.9874213836477987	0.012578616352201259	0.018867924528301886	0.050314465408805034	0.9937106918238994	0.11320754716981132	0.05660377358490566	0.06289308176100629	0.03164556962025317	11	15.8	0.041402018907226404	0	0	0	0	0	0	0	0	0	0	0	0	0	1	0	0	0	1	0	0	0	0	0	1
612	3005	0.07930391451525155	0.07930391451525155	0.0	0.9965598748320971	0.07700148179515003	0.08435129173176244	0.15977381782747332	0.9982799374160485	0.5400068291403872	0.23490136954362015	0.23655819712738332	0.1832076738842535	0.012578616352201259	0.012578616352201259	0.006289308176100629	0.9874213836477987	0.012578616352201259	0.018867924528301886	0.050314465408805034	0.9937106918238994	0.11320754716981132	0.05660377358490566	0.06289308176100629	0.03164556962025317	11	15.8	0.041402018907226404	0	0	0	0	0	0	0	0	0	0	0	0	0	1	0	0	0	1	0	0	0	0	0	1
613	2892	0.13520520029325336	0.124530115851107	0.004259260409299242	0.9720012003882974	0.13519705843923124	0.1246065776834009	0.07084261619905845	0.9999893119756565	0.26817262467474	0.7030296062494772	0.6908706160074507	0.9332159645993594	0.0003669724770642202	0.0002935779816513761	0.00044036697247706424	0.8275229357798165	0.0003669724770642202	0.0003669724770642202	0.0013944954128440367	0.9999266055045871	0.03823853211009174	0.28628230616302186	0.3283263382666961	0.5475699558173786	0	0.0	0.0	0	0	0	0	0	0	0	0	0	0	0	0	0	0	0	0	0	0	0	0	0	0	0	0
614	2894	0.13520520029325336	0.124530115851107	0.004259260409299242	0.9720012003882974	0.13519705843923124	0.1246065776834009	0.07084261619905845	0.9999893119756565	0.26817262467474	0.7030296062494772	0.6908706160074507	0.9332159645993594	0.0003669724770642202	0.0002935779816513761	0.00044036697247706424	0.8275229357798165	0.0003669724770642202	0.0003669724770642202	0.0013944954128440367	0.9999266055045871	0.03823853211009174	0.28628230616302186	0.3283263382666961	0.5475699558173786	6	2270.8333333333335	0.13710909885999123	0	0	0	0	0	0	0	0	0	0	0	0	0	0	1	0	0	0	0	0	0	0	0	0
615	2895	0.13520520029325336	0.124530115851107	0.004259260409299242	0.9720012003882974	0.13519705843923124	0.1246065776834009	0.07084261619905845	0.9999893119756565	0.26817262467474	0.7030296062494772	0.6908706160074507	0.9332159645993594	0.0003669724770642202	0.0002935779816513761	0.00044036697247706424	0.8275229357798165	0.0003669724770642202	0.0003669724770642202	0.0013944954128440367	0.9999266055045871	0.03823853211009174	0.28628230616302186	0.3283263382666961	0.5475699558173786	16	851.5625	0.018943182539348537	0	0	0	0	0	0	0	0	0	0	0	0	0	0	1	0	0	1	0	0	0	0	0	0
616	2912	0.13520520029325336	0.124530115851107	0.004259260409299242	0.9720012003882974	0.13519705843923124	0.1246065776834009	0.07084261619905845	0.9999893119756565	0.26817262467474	0.7030296062494772	0.6908706160074507	0.9332159645993594	0.0003669724770642202	0.0002935779816513761	0.00044036697247706424	0.8275229357798165	0.0003669724770642202	0.0003669724770642202	0.0013944954128440367	0.9999266055045871	0.03823853211009174	0.28628230616302186	0.3283263382666961	0.5475699558173786	0	0.0	0.0	0	0	0	0	0	0	0	0	0	0	0	0	0	0	0	0	0	0	0	0	0	0	0	0
617	2913	0.13520520029325336	0.124530115851107	0.004259260409299242	0.9720012003882974	0.13519705843923124	0.1246065776834009	0.07084261619905845	0.9999893119756565	0.26817262467474	0.7030296062494772	0.6908706160074507	0.9332159645993594	0.0003669724770642202	0.0002935779816513761	0.00044036697247706424	0.8275229357798165	0.0003669724770642202	0.0003669724770642202	0.0013944954128440367	0.9999266055045871	0.03823853211009174	0.28628230616302186	0.3283263382666961	0.5475699558173786	0	0.0	0.0	0	0	0	0	0	0	0	0	0	0	0	0	0	0	0	0	0	0	0	0	0	0	0	0
618	2914	0.13520520029325336	0.124530115851107	0.004259260409299242	0.9720012003882974	0.13519705843923124	0.1246065776834009	0.07084261619905845	0.9999893119756565	0.26817262467474	0.7030296062494772	0.6908706160074507	0.9332159645993594	0.0003669724770642202	0.0002935779816513761	0.00044036697247706424	0.8275229357798165	0.0003669724770642202	0.0003669724770642202	0.0013944954128440367	0.9999266055045871	0.03823853211009174	0.28628230616302186	0.3283263382666961	0.5475699558173786	0	0.0	0.0	0	0	0	0	0	0	0	0	0	0	0	0	0	0	0	0	0	0	0	0	0	0	0	0
619	2966	0.13520520029325336	0.124530115851107	0.004259260409299242	0.9720012003882974	0.13519705843923124	0.1246065776834009	0.07084261619905845	0.9999893119756565	0.26817262467474	0.7030296062494772	0.6908706160074507	0.9332159645993594	0.0003669724770642202	0.0002935779816513761	0.00044036697247706424	0.8275229357798165	0.0003669724770642202	0.0003669724770642202	0.0013944954128440367	0.9999266055045871	0.03823853211009174	0.28628230616302186	0.3283263382666961	0.5475699558173786	0	0.0	0.0	0	0	0	0	0	0	0	0	0	0	0	0	0	0	0	0	0	0	0	0	0	0	0	0
620	3000	0.0	0.0	0.0	0.0	0.0	0.0	0.0	0.0	0.0	0.0	0.0	0.0	0.0	0.0	0.0	0.0	0.0	0.0	0.0	0.0	0.0	0.0	0.0	0.0	0	0.0	0.0	0	0	0	0	0	0	0	0	0	0	0	0	0	0	0	0	0	0	0	0	0	0	0	0
621	3002	0.0	0.0	0.0	0.0	0.0	0.0	0.0	0.0	0.0	0.0	0.0	0.0	0.0	0.0	0.0	0.0	0.0	0.0	0.0	0.0	0.0	0.0	0.0	0.0	0	0.0	0.0	0	0	0	0	0	0	0	0	0	0	0	0	0	0	0	0	0	0	0	0	0	0	0	0
622	3023	0.0	0.0	0.0	0.0	0.0	0.0	0.0	0.0	0.0	0.0	0.0	0.0	0.0	0.0	0.0	0.0	0.0	0.0	0.0	0.0	0.0	0.0	0.0	0.0	0	0.0	0.0	0	0	0	0	0	0	0	0	0	0	0	0	0	0	0	0	0	0	0	0	0	0	0	0
623	3036	0.0	0.0	0.0	0.0	0.0	0.0	0.0	0.0	0.0	0.0	0.0	0.0	0.0	0.0	0.0	0.0	0.0	0.0	0.0	0.0	0.0	0.0	0.0	0.0	0	0.0	0.0	0	0	0	0	0	0	0	0	0	0	0	0	0	0	0	0	0	0	0	0	0	0	0	0
624	3038	0.0	0.0	0.0	0.0	0.0	0.0	0.0	0.0	0.0	0.0	0.0	0.0	0.0	0.0	0.0	0.0	0.0	0.0	0.0	0.0	0.0	0.0	0.0	0.0	0	0.0	0.0	0	0	0	0	0	0	0	0	0	0	0	0	0	0	0	0	0	0	0	0	0	0	0	0
625	3076	0.0	0.0	0.0	0.0	0.0	0.0	0.0	0.0	0.0	0.0	0.0	0.0	0.0	0.0	0.0	0.0	0.0	0.0	0.0	0.0	0.0	0.0	0.0	0.0	0	0.0	0.0	0	0	0	0	0	0	0	0	0	0	0	0	0	0	0	0	0	0	0	0	0	0	0	0
626	3077	0.0	0.0	0.0	0.0	0.0	0.0	0.0	0.0	0.0	0.0	0.0	0.0	0.0	0.0	0.0	0.0	0.0	0.0	0.0	0.0	0.0	0.0	0.0	0.0	0	0.0	0.0	0	0	0	0	0	0	0	0	0	0	0	0	0	0	0	0	0	0	0	0	0	0	0	0
627	3086	0.0	0.0	0.0	0.0	0.0	0.0	0.0	0.0	0.0	0.0	0.0	0.0	0.0	0.0	0.0	0.0	0.0	0.0	0.0	0.0	0.0	0.0	0.0	0.0	0	0.0	0.0	0	0	0	0	0	0	0	0	0	0	0	0	0	0	0	0	0	0	0	0	0	0	0	0
628	3091	0.0	0.0	0.0	0.0	0.0	0.0	0.0	0.0	0.0	0.0	0.0	0.0	0.0	0.0	0.0	0.0	0.0	0.0	0.0	0.0	0.0	0.0	0.0	0.0	0	0.0	0.0	0	0	0	0	0	0	0	0	0	0	0	0	0	0	0	0	0	0	0	0	0	0	0	0
629	3092	0.0	0.0	0.0	0.0	0.0	0.0	0.0	0.0	0.0	0.0	0.0	0.0	0.0	0.0	0.0	0.0	0.0	0.0	0.0	0.0	0.0	0.0	0.0	0.0	0	0.0	0.0	0	0	0	0	0	0	0	0	0	0	0	0	0	0	0	0	0	0	0	0	0	0	0	0
630	3098	0.0	0.0	0.0	0.0	0.0	0.0	0.0	0.0	0.0	0.0	0.0	0.0	0.0	0.0	0.0	0.0	0.0	0.0	0.0	0.0	0.0	0.0	0.0	0.0	0	0.0	0.0	0	0	0	0	0	0	0	0	0	0	0	0	0	0	0	0	0	0	0	0	0	0	0	0
631	3099	0.0	0.0	0.0	0.0	0.0	0.0	0.0	0.0	0.0	0.0	0.0	0.0	0.0	0.0	0.0	0.0	0.0	0.0	0.0	0.0	0.0	0.0	0.0	0.0	0	0.0	0.0	0	0	0	0	0	0	0	0	0	0	0	0	0	0	0	0	0	0	0	0	0	0	0	0
632	3100	0.0	0.0	0.0	0.0	0.0	0.0	0.0	0.0	0.0	0.0	0.0	0.0	0.0	0.0	0.0	0.0	0.0	0.0	0.0	0.0	0.0	0.0	0.0	0.0	0	0.0	0.0	0	0	0	0	0	0	0	0	0	0	0	0	0	0	0	0	0	0	0	0	0	0	0	0
633	3101	0.0	0.0	0.0	0.0	0.0	0.0	0.0	0.0	0.0	0.0	0.0	0.0	0.0	0.0	0.0	0.0	0.0	0.0	0.0	0.0	0.0	0.0	0.0	0.0	0	0.0	0.0	0	0	0	0	0	0	0	0	0	0	0	0	0	0	0	0	0	0	0	0	0	0	0	0
634	3117	0.0	0.0	0.0	0.0	0.0	0.0	0.0	0.0	0.0	0.0	0.0	0.0	0.0	0.0	0.0	0.0	0.0	0.0	0.0	0.0	0.0	0.0	0.0	0.0	0	0.0	0.0	0	0	0	0	0	0	0	0	0	0	0	0	0	0	0	0	0	0	0	0	0	0	0	0
635	3118	0.0	0.0	0.0	0.0	0.0	0.0	0.0	0.0	0.0	0.0	0.0	0.0	0.0	0.0	0.0	0.0	0.0	0.0	0.0	0.0	0.0	0.0	0.0	0.0	0	0.0	0.0	0	0	0	0	0	0	0	0	0	0	0	0	0	0	0	0	0	0	0	0	0	0	0	0
636	3123	0.0	0.0	0.0	0.0	0.0	0.0	0.0	0.0	0.0	0.0	0.0	0.0	0.0	0.0	0.0	0.0	0.0	0.0	0.0	0.0	0.0	0.0	0.0	0.0	0	0.0	0.0	0	0	0	0	0	0	0	0	0	0	0	0	0	0	0	0	0	0	0	0	0	0	0	0
637	3124	0.0	0.0	0.0	0.0	0.0	0.0	0.0	0.0	0.0	0.0	0.0	0.0	0.0	0.0	0.0	0.0	0.0	0.0	0.0	0.0	0.0	0.0	0.0	0.0	0	0.0	0.0	0	0	0	0	0	0	0	0	0	0	0	0	0	0	0	0	0	0	0	0	0	0	0	0
638	3130	0.0	0.0	0.0	0.0	0.0	0.0	0.0	0.0	0.0	0.0	0.0	0.0	0.0	0.0	0.0	0.0	0.0	0.0	0.0	0.0	0.0	0.0	0.0	0.0	0	0.0	0.0	0	0	0	0	0	0	0	0	0	0	0	0	0	0	0	0	0	0	0	0	0	0	0	0
639	3132	0.0	0.0	0.0	0.0	0.0	0.0	0.0	0.0	0.0	0.0	0.0	0.0	0.0	0.0	0.0	0.0	0.0	0.0	0.0	0.0	0.0	0.0	0.0	0.0	0	0.0	0.0	0	0	0	0	0	0	0	0	0	0	0	0	0	0	0	0	0	0	0	0	0	0	0	0
640	3028	0.13520520029325336	0.124530115851107	0.004259260409299242	0.9720012003882974	0.13519705843923124	0.1246065776834009	0.07084261619905845	0.9999893119756565	0.26817262467474	0.7030296062494772	0.6908706160074507	0.9332159645993594	0.0003669724770642202	0.0002935779816513761	0.00044036697247706424	0.8275229357798165	0.0003669724770642202	0.0003669724770642202	0.0013944954128440367	0.9999266055045871	0.03823853211009174	0.28628230616302186	0.3283263382666961	0.5475699558173786	0	0.0	0.0	0	0	0	0	0	0	0	0	0	0	0	0	0	0	0	0	0	0	0	0	0	0	0	0
641	3030	0.13520520029325336	0.124530115851107	0.004259260409299242	0.9720012003882974	0.13519705843923124	0.1246065776834009	0.07084261619905845	0.9999893119756565	0.26817262467474	0.7030296062494772	0.6908706160074507	0.9332159645993594	0.0003669724770642202	0.0002935779816513761	0.00044036697247706424	0.8275229357798165	0.0003669724770642202	0.0003669724770642202	0.0013944954128440367	0.9999266055045871	0.03823853211009174	0.28628230616302186	0.3283263382666961	0.5475699558173786	5	2725.0	0.033615323154616614	0	0	0	0	0	0	0	0	0	0	0	0	0	0	0	0	0	1	0	0	0	0	0	0
642	3041	0.13520520029325336	0.124530115851107	0.004259260409299242	0.9720012003882974	0.13519705843923124	0.1246065776834009	0.07084261619905845	0.9999893119756565	0.26817262467474	0.7030296062494772	0.6908706160074507	0.9332159645993594	0.0003669724770642202	0.0002935779816513761	0.00044036697247706424	0.8275229357798165	0.0003669724770642202	0.0003669724770642202	0.0013944954128440367	0.9999266055045871	0.03823853211009174	0.28628230616302186	0.3283263382666961	0.5475699558173786	7436	1.8262506724045187	1.2626632925279426e-09	0	0	0	0	0	0	0	0	0	0	0	0	0	0	0	0	0	0	0	0	0	0	0	1
643	3064	0.13520520029325336	0.124530115851107	0.004259260409299242	0.9720012003882974	0.13519705843923124	0.1246065776834009	0.07084261619905845	0.9999893119756565	0.26817262467474	0.7030296062494772	0.6908706160074507	0.9332159645993594	0.0003669724770642202	0.0002935779816513761	0.00044036697247706424	0.8275229357798165	0.0003669724770642202	0.0003669724770642202	0.0013944954128440367	0.9999266055045871	0.03823853211009174	0.28628230616302186	0.3283263382666961	0.5475699558173786	7436	1.8262506724045187	1.2626632925279426e-09	0	0	0	0	0	0	0	0	0	0	0	0	0	0	0	0	0	0	0	0	0	0	0	1
644	3048	0.13520520029325336	0.124530115851107	0.004259260409299242	0.9720012003882974	0.13519705843923124	0.1246065776834009	0.07084261619905845	0.9999893119756565	0.26817262467474	0.7030296062494772	0.6908706160074507	0.9332159645993594	0.0003669724770642202	0.0002935779816513761	0.00044036697247706424	0.8275229357798165	0.0003669724770642202	0.0003669724770642202	0.0013944954128440367	0.9999266055045871	0.03823853211009174	0.28628230616302186	0.3283263382666961	0.5475699558173786	0	0.0	0.0	0	0	0	0	0	0	0	0	0	0	0	0	0	0	0	0	0	0	0	0	0	0	0	0
645	3049	0.13520520029325336	0.124530115851107	0.004259260409299242	0.9720012003882974	0.13519705843923124	0.1246065776834009	0.07084261619905845	0.9999893119756565	0.26817262467474	0.7030296062494772	0.6908706160074507	0.9332159645993594	0.0003669724770642202	0.0002935779816513761	0.00044036697247706424	0.8275229357798165	0.0003669724770642202	0.0003669724770642202	0.0013944954128440367	0.9999266055045871	0.03823853211009174	0.28628230616302186	0.3283263382666961	0.5475699558173786	5	2725.0	0.033615323154616614	0	0	0	0	0	0	0	0	0	0	0	0	0	0	0	0	0	1	0	0	0	0	0	0
646	3051	0.13520520029325336	0.124530115851107	0.004259260409299242	0.9720012003882974	0.13519705843923124	0.1246065776834009	0.07084261619905845	0.9999893119756565	0.26817262467474	0.7030296062494772	0.6908706160074507	0.9332159645993594	0.0003669724770642202	0.0002935779816513761	0.00044036697247706424	0.8275229357798165	0.0003669724770642202	0.0003669724770642202	0.0013944954128440367	0.9999266055045871	0.03823853211009174	0.28628230616302186	0.3283263382666961	0.5475699558173786	11	1238.6363636363637	0.007413116089930377	0	0	0	0	0	0	0	0	0	0	0	0	0	0	0	0	1	1	0	0	0	0	0	0
647	3057	0.13520520029325336	0.124530115851107	0.004259260409299242	0.9720012003882974	0.13519705843923124	0.1246065776834009	0.07084261619905845	0.9999893119756565	0.26817262467474	0.7030296062494772	0.6908706160074507	0.9332159645993594	0.0003669724770642202	0.0002935779816513761	0.00044036697247706424	0.8275229357798165	0.0003669724770642202	0.0003669724770642202	0.0013944954128440367	0.9999266055045871	0.03823853211009174	0.28628230616302186	0.3283263382666961	0.5475699558173786	6041	2.264632316158079	2.2488770979783332e-06	0	0	0	0	0	0	0	0	0	0	0	0	0	0	0	0	1	1	0	0	0	1	0	0
648	3058	0.13520520029325336	0.124530115851107	0.004259260409299242	0.9720012003882974	0.13519705843923124	0.1246065776834009	0.07084261619905845	0.9999893119756565	0.26817262467474	0.7030296062494772	0.6908706160074507	0.9332159645993594	0.0003669724770642202	0.0002935779816513761	0.00044036697247706424	0.8275229357798165	0.0003669724770642202	0.0003669724770642202	0.0013944954128440367	0.9999266055045871	0.03823853211009174	0.28628230616302186	0.3283263382666961	0.5475699558173786	6058	2.258230794812105	2.241385049863167e-06	0	0	0	0	0	0	0	0	0	0	0	0	0	0	1	0	1	1	0	0	0	1	0	0
649	3068	0.13520520029325336	0.124530115851107	0.004259260409299242	0.9720012003882974	0.13519705843923124	0.1246065776834009	0.07084261619905845	0.9999893119756565	0.26817262467474	0.7030296062494772	0.6908706160074507	0.9332159645993594	0.0003669724770642202	0.0002935779816513761	0.00044036697247706424	0.8275229357798165	0.0003669724770642202	0.0003669724770642202	0.0013944954128440367	0.9999266055045871	0.03823853211009174	0.28628230616302186	0.3283263382666961	0.5475699558173786	7436	1.8262506724045187	1.2626632925279426e-09	0	0	0	0	0	0	0	0	0	0	0	0	0	0	0	0	0	0	0	0	0	0	0	1
650	3078	0.13520520029325336	0.124530115851107	0.004259260409299242	0.9720012003882974	0.13519705843923124	0.1246065776834009	0.07084261619905845	0.9999893119756565	0.26817262467474	0.7030296062494772	0.6908706160074507	0.9332159645993594	0.0003669724770642202	0.0002935779816513761	0.00044036697247706424	0.8275229357798165	0.0003669724770642202	0.0003669724770642202	0.0013944954128440367	0.9999266055045871	0.03823853211009174	0.28628230616302186	0.3283263382666961	0.5475699558173786	7436	1.8262506724045187	1.2626632925279426e-09	0	0	0	0	0	0	0	0	0	0	0	0	0	0	0	0	0	0	0	0	0	0	0	1
651	3104	0.13520520029325336	0.124530115851107	0.004259260409299242	0.9720012003882974	0.13519705843923124	0.1246065776834009	0.07084261619905845	0.9999893119756565	0.26817262467474	0.7030296062494772	0.6908706160074507	0.9332159645993594	0.0003669724770642202	0.0002935779816513761	0.00044036697247706424	0.8275229357798165	0.0003669724770642202	0.0003669724770642202	0.0013944954128440367	0.9999266055045871	0.03823853211009174	0.28628230616302186	0.3283263382666961	0.5475699558173786	0	0.0	0.0	0	0	0	0	0	0	0	0	0	0	0	0	0	0	0	0	0	0	0	0	0	0	0	0
652	3106	0.13520520029325336	0.124530115851107	0.004259260409299242	0.9720012003882974	0.13519705843923124	0.1246065776834009	0.07084261619905845	0.9999893119756565	0.26817262467474	0.7030296062494772	0.6908706160074507	0.9332159645993594	0.0003669724770642202	0.0002935779816513761	0.00044036697247706424	0.8275229357798165	0.0003669724770642202	0.0003669724770642202	0.0013944954128440367	0.9999266055045871	0.03823853211009174	0.28628230616302186	0.3283263382666961	0.5475699558173786	5	2725.0	0.033615323154616614	0	0	0	0	0	0	0	0	0	0	0	0	0	0	0	0	0	1	0	0	0	0	0	0
653	3107	0.13520520029325336	0.124530115851107	0.004259260409299242	0.9720012003882974	0.13519705843923124	0.1246065776834009	0.07084261619905845	0.9999893119756565	0.26817262467474	0.7030296062494772	0.6908706160074507	0.9332159645993594	0.0003669724770642202	0.0002935779816513761	0.00044036697247706424	0.8275229357798165	0.0003669724770642202	0.0003669724770642202	0.0013944954128440367	0.9999266055045871	0.03823853211009174	0.28628230616302186	0.3283263382666961	0.5475699558173786	5	2725.0	0.033615323154616614	0	0	0	0	0	0	0	0	0	0	0	0	0	1	0	0	0	1	0	0	0	0	0	0
654	3114	0.13520520029325336	0.124530115851107	0.004259260409299242	0.9720012003882974	0.13519705843923124	0.1246065776834009	0.07084261619905845	0.9999893119756565	0.26817262467474	0.7030296062494772	0.6908706160074507	0.9332159645993594	0.0003669724770642202	0.0002935779816513761	0.00044036697247706424	0.8275229357798165	0.0003669724770642202	0.0003669724770642202	0.0013944954128440367	0.9999266055045871	0.03823853211009174	0.28628230616302186	0.3283263382666961	0.5475699558173786	5	2725.0	0.033615323154616614	0	0	0	0	0	0	0	0	0	0	0	0	0	1	0	0	0	1	0	0	0	0	0	0
655	3115	0.13520520029325336	0.124530115851107	0.004259260409299242	0.9720012003882974	0.13519705843923124	0.1246065776834009	0.07084261619905845	0.9999893119756565	0.26817262467474	0.7030296062494772	0.6908706160074507	0.9332159645993594	0.0003669724770642202	0.0002935779816513761	0.00044036697247706424	0.8275229357798165	0.0003669724770642202	0.0003669724770642202	0.0013944954128440367	0.9999266055045871	0.03823853211009174	0.28628230616302186	0.3283263382666961	0.5475699558173786	16	851.5625	0.018943182539348534	0	0	0	0	0	0	0	0	0	0	0	0	0	1	1	0	0	1	0	0	0	0	0	0
656	3119	0.13520520029325336	0.124530115851107	0.004259260409299242	0.9720012003882974	0.13519705843923124	0.1246065776834009	0.07084261619905845	0.9999893119756565	0.26817262467474	0.7030296062494772	0.6908706160074507	0.9332159645993594	0.0003669724770642202	0.0002935779816513761	0.00044036697247706424	0.8275229357798165	0.0003669724770642202	0.0003669724770642202	0.0013944954128440367	0.9999266055045871	0.03823853211009174	0.28628230616302186	0.3283263382666961	0.5475699558173786	16	851.5625	0.018943182539348534	0	0	0	0	0	0	0	0	0	0	0	0	0	1	1	0	0	1	0	0	0	0	0	0
657	3120	0.13520520029325336	0.124530115851107	0.004259260409299242	0.9720012003882974	0.13519705843923124	0.1246065776834009	0.07084261619905845	0.9999893119756565	0.26817262467474	0.7030296062494772	0.6908706160074507	0.9332159645993594	0.0003669724770642202	0.0002935779816513761	0.00044036697247706424	0.8275229357798165	0.0003669724770642202	0.0003669724770642202	0.0013944954128440367	0.9999266055045871	0.03823853211009174	0.28628230616302186	0.3283263382666961	0.5475699558173786	26	524.0384615384615	0.005127149247792085	0	0	0	0	0	0	0	0	0	0	0	0	0	1	1	0	1	1	0	0	0	0	0	0
658	3135	0.13444505245474755	0.12445806199302811	0.0016934375655030481	0.9721830300802359	0.13444505245474755	0.12445806199302811	0.0681516345194901	0.9999999999999998	0.2669334273400722	0.703016167154525	0.6908454602933995	0.9332159645993594	0.0002945508100147275	0.0002945508100147275	0.0002945508100147275	0.8283505154639176	0.0002945508100147275	0.0002945508100147275	0.0008100147275405008	1.0	0.03829160530191458	0.28630338733431515	0.32827687776141384	0.5475699558173786	14	970.0	0.0072484047746605735	0	0	0	0	0	0	0	0	0	0	0	0	0	1	1	0	1	1	0	0	0	0	0	0
659	3147	0.13444505245474755	0.12445806199302811	0.0016934375655030481	0.9721830300802359	0.13444505245474755	0.12445806199302811	0.0681516345194901	0.9999999999999998	0.2669334273400722	0.703016167154525	0.6908454602933995	0.9332159645993594	0.0002945508100147275	0.0002945508100147275	0.0002945508100147275	0.8283505154639176	0.0002945508100147275	0.0002945508100147275	0.0008100147275405008	1.0	0.03829160530191458	0.28630338733431515	0.32827687776141384	0.5475699558173786	14	970.0	0.0072484047746605735	0	0	0	0	0	0	0	0	0	0	0	0	0	1	1	0	1	1	0	0	0	0	0	0
660	3151	0.13444505245474755	0.12445806199302811	0.0016934375655030481	0.9721830300802359	0.13444505245474755	0.12445806199302811	0.0681516345194901	0.9999999999999998	0.2669334273400722	0.703016167154525	0.6908454602933995	0.9332159645993594	0.0002945508100147275	0.0002945508100147275	0.0002945508100147275	0.8283505154639176	0.0002945508100147275	0.0002945508100147275	0.0008100147275405008	1.0	0.03829160530191458	0.28630338733431515	0.32827687776141384	0.5475699558173786	6629	2.0485744456177404	2.6765809575652376e-06	0	0	0	0	0	0	0	0	0	0	0	0	0	1	1	0	1	1	0	0	0	0	1	0
661	3173	0.13520520029325336	0.124530115851107	0.004259260409299242	0.9720012003882974	0.13519705843923124	0.1246065776834009	0.07084261619905845	0.9999893119756565	0.26817262467474	0.7030296062494772	0.6908706160074507	0.9332159645993594	0.0003669724770642202	0.0002935779816513761	0.00044036697247706424	0.8275229357798165	0.0003669724770642202	0.0003669724770642202	0.0013944954128440367	0.9999266055045871	0.03823853211009174	0.28628230616302186	0.3283263382666961	0.5475699558173786	0	0.0	0.0	0	0	0	0	0	0	0	0	0	0	0	0	0	0	0	0	0	0	0	0	0	0	0	0
662	3176	0.13520520029325336	0.124530115851107	0.004259260409299242	0.9720012003882974	0.13519705843923124	0.1246065776834009	0.07084261619905845	0.9999893119756565	0.26817262467474	0.7030296062494772	0.6908706160074507	0.9332159645993594	0.0003669724770642202	0.0002935779816513761	0.00044036697247706424	0.8275229357798165	0.0003669724770642202	0.0003669724770642202	0.0013944954128440367	0.9999266055045871	0.03823853211009174	0.28628230616302186	0.3283263382666961	0.5475699558173786	0	0.0	0.0	0	0	0	0	0	0	0	0	0	0	0	0	0	0	0	0	0	0	0	0	0	0	0	0
663	3178	0.13520520029325336	0.124530115851107	0.004259260409299242	0.9720012003882974	0.13519705843923124	0.1246065776834009	0.07084261619905845	0.9999893119756565	0.26817262467474	0.7030296062494772	0.6908706160074507	0.9332159645993594	0.0003669724770642202	0.0002935779816513761	0.00044036697247706424	0.8275229357798165	0.0003669724770642202	0.0003669724770642202	0.0013944954128440367	0.9999266055045871	0.03823853211009174	0.28628230616302186	0.3283263382666961	0.5475699558173786	3888	3.4930555555555554	9.655869280997528e-06	0	0	0	0	0	0	0	0	0	0	0	0	0	0	0	0	0	0	0	0	0	1	0	0
664	3186	0.13520520029325336	0.124530115851107	0.004259260409299242	0.9720012003882974	0.13519705843923124	0.1246065776834009	0.07084261619905845	0.9999893119756565	0.26817262467474	0.7030296062494772	0.6908706160074507	0.9332159645993594	0.0003669724770642202	0.0002935779816513761	0.00044036697247706424	0.8275229357798165	0.0003669724770642202	0.0003669724770642202	0.0013944954128440367	0.9999266055045871	0.03823853211009174	0.28628230616302186	0.3283263382666961	0.5475699558173786	0	0.0	0.0	0	0	0	0	0	0	0	0	0	0	0	0	0	0	0	0	0	0	0	0	0	0	0	0
665	3189	0.13520520029325336	0.124530115851107	0.004259260409299242	0.9720012003882974	0.13519705843923124	0.1246065776834009	0.07084261619905845	0.9999893119756565	0.26817262467474	0.7030296062494772	0.6908706160074507	0.9332159645993594	0.0003669724770642202	0.0002935779816513761	0.00044036697247706424	0.8275229357798165	0.0003669724770642202	0.0003669724770642202	0.0013944954128440367	0.9999266055045871	0.03823853211009174	0.28628230616302186	0.3283263382666961	0.5475699558173786	4	3406.25	0.02953924922144601	0	0	0	0	0	0	0	0	0	0	0	0	0	1	0	0	0	0	0	0	0	0	0	0
666	3191	0.13520520029325336	0.124530115851107	0.004259260409299242	0.9720012003882974	0.13519705843923124	0.1246065776834009	0.07084261619905845	0.9999893119756565	0.26817262467474	0.7030296062494772	0.6908706160074507	0.9332159645993594	0.0003669724770642202	0.0002935779816513761	0.00044036697247706424	0.8275229357798165	0.0003669724770642202	0.0003669724770642202	0.0013944954128440367	0.9999266055045871	0.03823853211009174	0.28628230616302186	0.3283263382666961	0.5475699558173786	5	2725.0	0.033615323154616614	0	0	0	0	0	0	0	0	0	0	0	0	0	1	0	0	0	1	0	0	0	0	0	0
667	3195	0.13520520029325336	0.124530115851107	0.004259260409299242	0.9720012003882974	0.13519705843923124	0.1246065776834009	0.07084261619905845	0.9999893119756565	0.26817262467474	0.7030296062494772	0.6908706160074507	0.9332159645993594	0.0003669724770642202	0.0002935779816513761	0.00044036697247706424	0.8275229357798165	0.0003669724770642202	0.0003669724770642202	0.0013944954128440367	0.9999266055045871	0.03823853211009174	0.28628230616302186	0.3283263382666961	0.5475699558173786	6	2270.8333333333335	0.13710909885999123	0	0	0	0	0	0	0	0	0	0	0	0	0	0	1	0	0	0	0	0	0	0	0	0
668	3197	0.13520520029325336	0.124530115851107	0.004259260409299242	0.9720012003882974	0.13519705843923124	0.1246065776834009	0.07084261619905845	0.9999893119756565	0.26817262467474	0.7030296062494772	0.6908706160074507	0.9332159645993594	0.0003669724770642202	0.0002935779816513761	0.00044036697247706424	0.8275229357798165	0.0003669724770642202	0.0003669724770642202	0.0013944954128440367	0.9999266055045871	0.03823853211009174	0.28628230616302186	0.3283263382666961	0.5475699558173786	11	1238.6363636363637	0.007413116089930377	0	0	0	0	0	0	0	0	0	0	0	0	0	0	0	0	1	1	0	0	0	0	0	0
669	3198	0.13520520029325336	0.124530115851107	0.004259260409299242	0.9720012003882974	0.13519705843923124	0.1246065776834009	0.07084261619905845	0.9999893119756565	0.26817262467474	0.7030296062494772	0.6908706160074507	0.9332159645993594	0.0003669724770642202	0.0002935779816513761	0.00044036697247706424	0.8275229357798165	0.0003669724770642202	0.0003669724770642202	0.0013944954128440367	0.9999266055045871	0.03823853211009174	0.28628230616302186	0.3283263382666961	0.5475699558173786	5	2725.0	0.033615323154616614	0	0	0	0	0	0	0	0	0	0	0	0	0	0	0	0	0	1	0	0	0	0	0	0
670	3202	0.13444505245474755	0.12445806199302811	0.0016934375655030481	0.9721830300802359	0.13444505245474755	0.12445806199302811	0.0681516345194901	0.9999999999999998	0.2669334273400722	0.703016167154525	0.6908454602933995	0.9332159645993594	0.0002945508100147275	0.0002945508100147275	0.0002945508100147275	0.8283505154639176	0.0002945508100147275	0.0002945508100147275	0.0008100147275405008	1.0	0.03829160530191458	0.28630338733431515	0.32827687776141384	0.5475699558173786	8	1697.5	0.006003221513921755	0	0	0	0	0	0	0	0	0	0	0	0	0	0	0	0	1	1	0	0	0	0	0	0
671	3213	0.13520520029325336	0.124530115851107	0.004259260409299242	0.9720012003882974	0.13519705843923124	0.1246065776834009	0.07084261619905845	0.9999893119756565	0.26817262467474	0.7030296062494772	0.6908706160074507	0.9332159645993594	0.0003669724770642202	0.0002935779816513761	0.00044036697247706424	0.8275229357798165	0.0003669724770642202	0.0003669724770642202	0.0013944954128440367	0.9999266055045871	0.03823853211009174	0.28628230616302186	0.3283263382666961	0.5475699558173786	11	1238.6363636363637	0.007413116089930377	0	0	0	0	0	0	0	0	0	0	0	0	0	0	0	0	1	1	0	0	0	0	0	0
672	3216	0.13520520029325336	0.124530115851107	0.004259260409299242	0.9720012003882974	0.13519705843923124	0.1246065776834009	0.07084261619905845	0.9999893119756565	0.26817262467474	0.7030296062494772	0.6908706160074507	0.9332159645993594	0.0003669724770642202	0.0002935779816513761	0.00044036697247706424	0.8275229357798165	0.0003669724770642202	0.0003669724770642202	0.0013944954128440367	0.9999266055045871	0.03823853211009174	0.28628230616302186	0.3283263382666961	0.5475699558173786	6656	2.053992740471869	2.6836098116690156e-06	0	0	0	0	0	0	0	0	0	0	0	0	0	0	0	0	1	1	0	0	0	0	1	0
673	3192	0.13520520029325336	0.124530115851107	0.004259260409299242	0.9720012003882974	0.13519705843923124	0.1246065776834009	0.07084261619905845	0.9999893119756565	0.26817262467474	0.7030296062494772	0.6908706160074507	0.9332159645993594	0.0003669724770642202	0.0002935779816513761	0.00044036697247706424	0.8275229357798165	0.0003669724770642202	0.0003669724770642202	0.0013944954128440367	0.9999266055045871	0.03823853211009174	0.28628230616302186	0.3283263382666961	0.5475699558173786	0	0.0	0.0	0	0	0	0	0	0	0	0	0	0	0	0	0	0	0	0	0	0	0	0	0	0	0	0
674	3193	0.13520520029325336	0.124530115851107	0.004259260409299242	0.9720012003882974	0.13519705843923124	0.1246065776834009	0.07084261619905845	0.9999893119756565	0.26817262467474	0.7030296062494772	0.6908706160074507	0.9332159645993594	0.0003669724770642202	0.0002935779816513761	0.00044036697247706424	0.8275229357798165	0.0003669724770642202	0.0003669724770642202	0.0013944954128440367	0.9999266055045871	0.03823853211009174	0.28628230616302186	0.3283263382666961	0.5475699558173786	5	2725.0	0.033615323154616614	0	0	0	0	0	0	0	0	0	0	0	0	0	0	0	0	0	1	0	0	0	0	0	0
675	3194	0.13520520029325336	0.124530115851107	0.004259260409299242	0.9720012003882974	0.13519705843923124	0.1246065776834009	0.07084261619905845	0.9999893119756565	0.26817262467474	0.7030296062494772	0.6908706160074507	0.9332159645993594	0.0003669724770642202	0.0002935779816513761	0.00044036697247706424	0.8275229357798165	0.0003669724770642202	0.0003669724770642202	0.0013944954128440367	0.9999266055045871	0.03823853211009174	0.28628230616302186	0.3283263382666961	0.5475699558173786	11	1238.6363636363637	0.007413116089930377	0	0	0	0	0	0	0	0	0	0	0	0	0	0	0	0	1	1	0	0	0	0	0	0
676	3393	0.03441566998979106	0.03441566998979106	0.03907942930560797	0.9882895163487554	0.8505898002931425	0.08682694827348257	0.054094410058565176	1.0	0.5233950094061363	0.4811272358505413	0.5608314867293819	0.7596016173743511	0.00023126734505087883	0.00023126734505087883	0.0003469010175763182	0.9422987974098057	0.42700138824618233	0.02093937991670523	0.001156336725254394	1.0	0.01364477335800185	0.1623578076525336	0.21509824198552224	0.2122153209109731	0	0.0	0.0	0	0	0	0	0	0	0	0	0	0	0	0	0	0	0	0	0	0	0	0	0	0	0	0
677	3394	0.10021615688476794	0.10021615688476794	0.0	0.9007127564510853	0.4854785599041388	0.4043665815397928	0.10116426644115113	1.0000000000000002	0.6437197312171351	0.4811272358505413	0.5608314867293819	0.7596016173743511	0.002068252326783868	0.002068252326783868	0.001034126163391934	0.56153050672182	0.14891416752843847	0.11168562564632885	0.0031023784901758012	1.0	0.10754912099276112	0.1623578076525336	0.21509824198552224	0.2122153209109731	0	0.0	0.0	0	0	0	0	0	0	0	0	0	0	0	0	0	0	0	0	0	0	0	0	0	0	0	0
678	3395	0.10021615688476794	0.10021615688476794	0.0	0.9007127564510853	0.4854785599041388	0.4043665815397928	0.10116426644115113	1.0000000000000002	0.6437197312171351	0.4811272358505413	0.5608314867293819	0.7596016173743511	0.002068252326783868	0.002068252326783868	0.001034126163391934	0.56153050672182	0.14891416752843847	0.11168562564632885	0.0031023784901758012	1.0	0.10754912099276112	0.1623578076525336	0.21509824198552224	0.2122153209109731	1	967.0	0.0	0	0	0	0	0	0	0	0	0	0	0	0	0	0	1	0	0	0	0	0	0	0	0	0
679	3396	0.03441566998979106	0.03441566998979106	0.03907942930560797	0.9882895163487554	0.8505898002931425	0.08682694827348257	0.054094410058565176	1.0	0.5233950094061363	0.4811272358505413	0.5608314867293819	0.7596016173743511	0.00023126734505087883	0.00023126734505087883	0.0003469010175763182	0.9422987974098057	0.42700138824618233	0.02093937991670523	0.001156336725254394	1.0	0.01364477335800185	0.1623578076525336	0.21509824198552224	0.2122153209109731	3	2882.6666666666665	0.15573878839491948	0	0	0	0	0	0	0	0	0	0	0	0	0	0	1	0	0	0	0	0	0	0	0	0
680	3397	0.0014134632556310517	0.0014134632556310517	0.10293616369355832	0.8673615027422452	0.0	0.7540691301820904	0.15530615493418992	1.0000000000000002	0.6847831617895511	0.8255150948630672	0.10379895010720733	0.8250522372428403	0.0024600246002460025	0.0024600246002460025	0.0024600246002460025	0.5596555965559655	0.0012300123001230013	0.22140221402214022	0.008610086100861008	1.0	0.14145141451414514	0.3522727272727273	0.006818181818181818	0.35079726651480636	2	406.5	0.001697885982549862	0	0	0	0	0	0	0	0	0	0	0	0	0	0	1	0	0	0	0	0	0	0	0	0
681	3398	0.0	0.0	0.0	0.0	0.0	0.0	0.0	0.0	0.0	0.0	0.0	0.0	0.0	0.0	0.0	0.0	0.0	0.0	0.0	0.0	0.0	0.0	0.0	0.0	0	0.0	0.0	0	0	0	0	0	0	0	0	0	0	0	0	0	0	0	0	0	0	0	0	0	0	0	0
682	3399	0.0	0.0	0.0	1.0000000000000002	0.0	0.8806583476274286	0.0	1.0000000000000002	0.7633976381849589	-0.0	-0.0	-0.0	0.0033783783783783786	0.0033783783783783786	0.0033783783783783786	1.0	0.0033783783783783786	0.5101351351351351	0.0033783783783783786	1.0	0.2972972972972973				0	0.0	0.0	0	0	0	0	0	0	0	0	0	0	0	0	0	0	0	0	0	0	0	0	0	0	0	0
683	3400	0.0	0.0	0.0	1.0000000000000002	0.0	0.8806583476274286	0.0	1.0000000000000002	0.7633976381849589	-0.0	-0.0	-0.0	0.0033783783783783786	0.0033783783783783786	0.0033783783783783786	1.0	0.0033783783783783786	0.5101351351351351	0.0033783783783783786	1.0	0.2972972972972973				151	1.9602649006622517	4.354937593403899e-07	0	0	0	0	0	0	0	0	0	0	0	0	0	0	0	0	0	1	0	0	0	0	0	0
684	3401	0.0	0.0	0.0	0.9999999999999998	0.922895556914439	0.0	0.0001523001279810763	0.9999999999999998	0.5337861749142184	-0.0	-0.0	-0.0	0.00013691128148959474	0.00013691128148959474	0.00013691128148959474	1.0	0.5052026286966046	0.00013691128148959474	0.0002738225629791895	1.0	0.016018619934282583				0	0.0	0.0	0	0	0	0	0	0	0	0	0	0	0	0	0	0	0	0	0	0	0	0	0	0	0	0
685	3402	0.0	0.0	0.0	0.9999999999999998	0.922895556914439	0.0	0.0001523001279810763	0.9999999999999998	0.5337861749142184	-0.0	-0.0	-0.0	0.00013691128148959474	0.00013691128148959474	0.00013691128148959474	1.0	0.5052026286966046	0.00013691128148959474	0.0002738225629791895	1.0	0.016018619934282583				1	7304.0	0.0	0	0	0	0	0	0	0	0	0	0	0	0	0	0	0	0	0	1	0	0	0	0	0	0
686	3403	0.0	0.0	0.0	1.0000000000000002	0.0	0.8806583476274286	0.0	1.0000000000000002	0.7633976381849589	-0.0	-0.0	-0.0	0.0033783783783783786	0.0033783783783783786	0.0033783783783783786	1.0	0.0033783783783783786	0.5101351351351351	0.0033783783783783786	1.0	0.2972972972972973				0	0.0	0.0	0	0	0	0	0	0	0	0	0	0	0	0	0	0	0	0	0	0	0	0	0	0	0	0
687	3404	0.0	0.0	0.0	1.0000000000000002	0.0	0.8806583476274286	0.0	1.0000000000000002	0.7633976381849589	-0.0	-0.0	-0.0	0.0033783783783783786	0.0033783783783783786	0.0033783783783783786	1.0	0.0033783783783783786	0.5101351351351351	0.0033783783783783786	1.0	0.2972972972972973				1	296.0	0.0	0	0	0	0	0	0	0	0	0	0	0	0	0	0	0	0	1	0	0	0	0	0	0	0
688	3405	0.0	0.0	0.0	1.0000000000000002	0.0	0.8806583476274286	0.0	1.0000000000000002	0.7633976381849589	-0.0	-0.0	-0.0	0.0033783783783783786	0.0033783783783783786	0.0033783783783783786	1.0	0.0033783783783783786	0.5101351351351351	0.0033783783783783786	1.0	0.2972972972972973				151	1.9602649006622517	4.354937593403899e-07	0	0	0	0	0	0	0	0	0	0	0	0	0	0	0	0	0	1	0	0	0	0	0	0
689	3406	0.1001610900518347	0.1001610900518347	0.0038868755438317263	0.9007659783591591	0.4854785599041388	0.4043665815397928	0.10498906590795455	0.9999999999999998	0.6435393692602089	0.4811272358505413	0.5608314867293819	0.7596016173743511	0.0020597322348094747	0.0020597322348094747	0.0020597322348094747	0.5612770339855818	0.14891416752843847	0.11168562564632885	0.005149330587023687	1.0	0.10710607621009269	0.1623578076525336	0.21509824198552224	0.2122153209109731	0	0.0	0.0	0	0	0	0	0	0	0	0	0	0	0	0	0	0	0	0	0	0	0	0	0	0	0	0
690	3407	0.1001610900518347	0.1001610900518347	0.0038868755438317263	0.9007659783591591	0.4854785599041388	0.4043665815397928	0.10498906590795455	0.9999999999999998	0.6435393692602089	0.4811272358505413	0.5608314867293819	0.7596016173743511	0.0020597322348094747	0.0020597322348094747	0.0020597322348094747	0.5612770339855818	0.14891416752843847	0.11168562564632885	0.005149330587023687	1.0	0.10710607621009269	0.1623578076525336	0.21509824198552224	0.2122153209109731	108	8.953703703703704	0.00268495702823889	0	0	0	0	0	0	0	0	0	0	0	0	0	0	0	0	0	1	0	0	0	0	0	0
691	3408	0.0	0.0	0.0	0.9416573636926436	0.7753361128048342	0.0	0.0	0.9999999999999999	0.7093359510799099	0.09718619292102605	0.8428254912453857	0.8428254912453857	0.0018975332068311196	0.0018975332068311196	0.0018975332068311196	0.7362428842504743	0.2713472485768501	0.0018975332068311196	0.0018975332068311196	1.0	0.1954459203036053	0.003795066413662239	0.3889943074003795	0.3889943074003795	0	0.0	0.0	0	0	0	0	0	0	0	0	0	0	0	0	0	0	0	0	0	0	0	0	0	0	0	0
692	3409	0.0	0.0	0.0	0.9416573636926436	0.7753361128048342	0.0	0.0	0.9999999999999999	0.7093359510799099	0.09718619292102605	0.8428254912453857	0.8428254912453857	0.0018975332068311196	0.0018975332068311196	0.0018975332068311196	0.7362428842504743	0.2713472485768501	0.0018975332068311196	0.0018975332068311196	1.0	0.1954459203036053	0.003795066413662239	0.3889943074003795	0.3889943074003795	143	3.6853146853146854	9.941752618060291e-06	0	0	0	0	0	0	0	0	0	0	0	0	0	0	0	0	1	0	0	0	0	0	0	0
693	3410	0.13520520029325336	0.124530115851107	0.004259260409299242	0.9720012003882974	0.13519705843923124	0.1246065776834009	0.07084261619905845	0.9999893119756565	0.26817262467474	0.7030296062494772	0.6908706160074507	0.9332159645993594	0.0003669724770642202	0.0002935779816513761	0.00044036697247706424	0.8275229357798165	0.0003669724770642202	0.0003669724770642202	0.0013944954128440367	0.9999266055045871	0.03823853211009174	0.28628230616302186	0.3283263382666961	0.5475699558173786	0	0.0	0.0	0	0	0	0	0	0	0	0	0	0	0	0	0	0	0	0	0	0	0	0	0	0	0	0
694	3411	0.13520520029325336	0.124530115851107	0.004259260409299242	0.9720012003882974	0.13519705843923124	0.1246065776834009	0.07084261619905845	0.9999893119756565	0.26817262467474	0.7030296062494772	0.6908706160074507	0.9332159645993594	0.0003669724770642202	0.0002935779816513761	0.00044036697247706424	0.8275229357798165	0.0003669724770642202	0.0003669724770642202	0.0013944954128440367	0.9999266055045871	0.03823853211009174	0.28628230616302186	0.3283263382666961	0.5475699558173786	5	2725.0	0.033615323154616614	0	0	0	0	0	0	0	0	0	0	0	0	0	0	0	0	0	1	0	0	0	0	0	0
695	3412	0.13520520029325336	0.124530115851107	0.004259260409299242	0.9720012003882974	0.13519705843923124	0.1246065776834009	0.07084261619905845	0.9999893119756565	0.26817262467474	0.7030296062494772	0.6908706160074507	0.9332159645993594	0.0003669724770642202	0.0002935779816513761	0.00044036697247706424	0.8275229357798165	0.0003669724770642202	0.0003669724770642202	0.0013944954128440367	0.9999266055045871	0.03823853211009174	0.28628230616302186	0.3283263382666961	0.5475699558173786	11	1238.6363636363637	0.007413116089930377	0	0	0	0	0	0	0	0	0	0	0	0	0	0	0	0	1	1	0	0	0	0	0	0
696	3413	0.13520520029325336	0.124530115851107	0.004259260409299242	0.9720012003882974	0.13519705843923124	0.1246065776834009	0.07084261619905845	0.9999893119756565	0.26817262467474	0.7030296062494772	0.6908706160074507	0.9332159645993594	0.0003669724770642202	0.0002935779816513761	0.00044036697247706424	0.8275229357798165	0.0003669724770642202	0.0003669724770642202	0.0013944954128440367	0.9999266055045871	0.03823853211009174	0.28628230616302186	0.3283263382666961	0.5475699558173786	26	524.0384615384615	0.005127149247792085	0	0	0	0	0	0	0	0	0	0	0	0	0	0	1	0	1	1	0	0	0	0	0	0
697	3414	0.13520520029325336	0.124530115851107	0.004259260409299242	0.9720012003882974	0.13519705843923124	0.1246065776834009	0.07084261619905845	0.9999893119756565	0.26817262467474	0.7030296062494772	0.6908706160074507	0.9332159645993594	0.0003669724770642202	0.0002935779816513761	0.00044036697247706424	0.8275229357798165	0.0003669724770642202	0.0003669724770642202	0.0013944954128440367	0.9999266055045871	0.03823853211009174	0.28628230616302186	0.3283263382666961	0.5475699558173786	6058	2.258230794812105	2.2413850498631665e-06	0	0	0	0	0	0	0	0	0	0	0	0	0	0	1	0	1	1	0	0	0	1	0	0
698	3415	0.13520520029325336	0.124530115851107	0.004259260409299242	0.9720012003882974	0.13519705843923124	0.1246065776834009	0.07084261619905845	0.9999893119756565	0.26817262467474	0.7030296062494772	0.6908706160074507	0.9332159645993594	0.0003669724770642202	0.0002935779816513761	0.00044036697247706424	0.8275229357798165	0.0003669724770642202	0.0003669724770642202	0.0013944954128440367	0.9999266055045871	0.03823853211009174	0.28628230616302186	0.3283263382666961	0.5475699558173786	11	1238.6363636363637	0.007413116089930377	0	0	0	0	0	0	0	0	0	0	0	0	0	0	0	0	1	1	0	0	0	0	0	0
699	3416	0.13520520029325336	0.124530115851107	0.004259260409299242	0.9720012003882974	0.13519705843923124	0.1246065776834009	0.07084261619905845	0.9999893119756565	0.26817262467474	0.7030296062494772	0.6908706160074507	0.9332159645993594	0.0003669724770642202	0.0002935779816513761	0.00044036697247706424	0.8275229357798165	0.0003669724770642202	0.0003669724770642202	0.0013944954128440367	0.9999266055045871	0.03823853211009174	0.28628230616302186	0.3283263382666961	0.5475699558173786	26	524.0384615384615	0.005127149247792085	0	0	0	0	0	0	0	0	0	0	0	0	0	0	1	0	1	1	0	0	0	0	0	0
700	3424	0.03441566998979106	0.03441566998979106	0.03907942930560797	0.9882895163487554	0.8505898002931425	0.08682694827348257	0.054094410058565176	1.0	0.5233950094061363	0.4811272358505413	0.5608314867293819	0.7596016173743511	0.00023126734505087883	0.00023126734505087883	0.0003469010175763182	0.9422987974098057	0.42700138824618233	0.02093937991670523	0.001156336725254394	1.0	0.01364477335800185	0.1623578076525336	0.21509824198552224	0.2122153209109731	0	0.0	0.0	0	0	0	0	0	0	0	0	0	0	0	0	0	0	0	0	0	0	0	0	0	0	0	0
701	3425	0.03441566998979106	0.03441566998979106	0.03907942930560797	0.9882895163487554	0.8505898002931425	0.08682694827348257	0.054094410058565176	1.0	0.5233950094061363	0.4811272358505413	0.5608314867293819	0.7596016173743511	0.00023126734505087883	0.00023126734505087883	0.0003469010175763182	0.9422987974098057	0.42700138824618233	0.02093937991670523	0.001156336725254394	1.0	0.01364477335800185	0.1623578076525336	0.21509824198552224	0.2122153209109731	2	4324.0	0.16473385856621947	0	0	0	0	0	0	0	0	0	0	0	0	0	1	0	0	0	0	0	0	0	0	0	0
702	3426	0.03441566998979106	0.03441566998979106	0.03907942930560797	0.9882895163487554	0.8505898002931425	0.08682694827348257	0.054094410058565176	1.0	0.5233950094061363	0.4811272358505413	0.5608314867293819	0.7596016173743511	0.00023126734505087883	0.00023126734505087883	0.0003469010175763182	0.9422987974098057	0.42700138824618233	0.02093937991670523	0.001156336725254394	1.0	0.01364477335800185	0.1623578076525336	0.21509824198552224	0.2122153209109731	183	47.75690607734806	0.004504289000343205	0	0	0	0	0	0	0	0	0	0	0	0	0	1	0	0	0	1	0	0	0	0	0	0
703	3427	0.03441566998979106	0.03441566998979106	0.03907942930560797	0.9882895163487554	0.8505898002931425	0.08682694827348257	0.054094410058565176	1.0	0.5233950094061363	0.4811272358505413	0.5608314867293819	0.7596016173743511	0.00023126734505087883	0.00023126734505087883	0.0003469010175763182	0.9422987974098057	0.42700138824618233	0.02093937991670523	0.001156336725254394	1.0	0.01364477335800185	0.1623578076525336	0.21509824198552224	0.2122153209109731	290	30.01388888888889	0.002480116545577138	0	0	0	0	0	0	0	0	0	0	0	0	0	1	1	0	0	1	0	0	0	0	0	0
704	3428	0.03441566998979106	0.03441566998979106	0.03907942930560797	0.9882895163487554	0.8505898002931425	0.08682694827348257	0.054094410058565176	1.0	0.5233950094061363	0.4811272358505413	0.5608314867293819	0.7596016173743511	0.00023126734505087883	0.00023126734505087883	0.0003469010175763182	0.9422987974098057	0.42700138824618233	0.02093937991670523	0.001156336725254394	1.0	0.01364477335800185	0.1623578076525336	0.21509824198552224	0.2122153209109731	7838	6.159235668789809	0.0010685928516663648	0	0	0	0	0	0	0	0	0	0	0	0	0	1	1	0	0	1	0	0	0	1	0	0
705	3429	0.03441566998979106	0.03441566998979106	0.03907942930560797	0.9882895163487554	0.8505898002931425	0.08682694827348257	0.054094410058565176	1.0	0.5233950094061363	0.4811272358505413	0.5608314867293819	0.7596016173743511	0.00023126734505087883	0.00023126734505087883	0.0003469010175763182	0.9422987974098057	0.42700138824618233	0.02093937991670523	0.001156336725254394	1.0	0.01364477335800185	0.1623578076525336	0.21509824198552224	0.2122153209109731	8041	2.686111111111111	4.0854862049244115e-07	0	0	0	0	0	0	0	0	0	0	0	0	0	1	1	0	1	1	0	0	0	1	0	0
706	3430	0.3868528072345416	0.3868528072345416	0.0	0.5644754678724235	0.3868528072345416	0.3868528072345416	0.3868528072345416	0.9999999999999999	0.5644754678724235	0.3868528072345416	0.3868528072345416	0.0	0.3333333333333333	0.3333333333333333	0.16666666666666666	0.5	0.3333333333333333	0.3333333333333333	0.3333333333333333	1.0	0.5	0.3333333333333333	0.3333333333333333	0.16666666666666666	2	3.0	0.0	0	0	0	0	0	0	0	0	0	0	0	0	0	1	0	0	0	1	0	0	0	0	0	0
707	3454	0.13520520029325336	0.124530115851107	0.004259260409299242	0.9720012003882974	0.13519705843923124	0.1246065776834009	0.07084261619905845	0.9999893119756565	0.26817262467474	0.7030296062494772	0.6908706160074507	0.9332159645993594	0.0003669724770642202	0.0002935779816513761	0.00044036697247706424	0.8275229357798165	0.0003669724770642202	0.0003669724770642202	0.0013944954128440367	0.9999266055045871	0.03823853211009174	0.28628230616302186	0.3283263382666961	0.5475699558173786	0	0.0	0.0	0	0	0	0	0	0	0	0	0	0	0	0	0	0	0	0	0	0	0	0	0	0	0	0
708	3455	0.13520520029325336	0.124530115851107	0.004259260409299242	0.9720012003882974	0.13519705843923124	0.1246065776834009	0.07084261619905845	0.9999893119756565	0.26817262467474	0.7030296062494772	0.6908706160074507	0.9332159645993594	0.0003669724770642202	0.0002935779816513761	0.00044036697247706424	0.8275229357798165	0.0003669724770642202	0.0003669724770642202	0.0013944954128440367	0.9999266055045871	0.03823853211009174	0.28628230616302186	0.3283263382666961	0.5475699558173786	0	0.0	0.0	0	0	0	0	0	0	0	0	0	0	0	0	0	0	0	0	0	0	0	0	0	0	0	0
709	3456	0.13520520029325336	0.124530115851107	0.004259260409299242	0.9720012003882974	0.13519705843923124	0.1246065776834009	0.07084261619905845	0.9999893119756565	0.26817262467474	0.7030296062494772	0.6908706160074507	0.9332159645993594	0.0003669724770642202	0.0002935779816513761	0.00044036697247706424	0.8275229357798165	0.0003669724770642202	0.0003669724770642202	0.0013944954128440367	0.9999266055045871	0.03823853211009174	0.28628230616302186	0.3283263382666961	0.5475699558173786	5	2725.0	0.02132425270600118	0	0	0	0	0	0	0	0	0	0	0	0	0	0	0	0	1	0	0	0	0	0	0	0
710	3457	0.13520520029325336	0.124530115851107	0.004259260409299242	0.9720012003882974	0.13519705843923124	0.1246065776834009	0.07084261619905845	0.9999893119756565	0.26817262467474	0.7030296062494772	0.6908706160074507	0.9332159645993594	0.0003669724770642202	0.0002935779816513761	0.00044036697247706424	0.8275229357798165	0.0003669724770642202	0.0003669724770642202	0.0013944954128440367	0.9999266055045871	0.03823853211009174	0.28628230616302186	0.3283263382666961	0.5475699558173786	13518	1.0079418095450159	1.2563186432062358e-10	0	0	0	0	0	0	0	0	0	0	0	0	0	0	0	0	1	0	0	0	0	0	0	1
711	3458	0.13520520029325336	0.124530115851107	0.004259260409299242	0.9720012003882974	0.13519705843923124	0.1246065776834009	0.07084261619905845	0.9999893119756565	0.26817262467474	0.7030296062494772	0.6908706160074507	0.9332159645993594	0.0003669724770642202	0.0002935779816513761	0.00044036697247706424	0.8275229357798165	0.0003669724770642202	0.0003669724770642202	0.0013944954128440367	0.9999266055045871	0.03823853211009174	0.28628230616302186	0.3283263382666961	0.5475699558173786	17	801.4705882352941	0.0144500059267086	0	0	0	0	0	0	0	0	0	0	0	0	0	0	1	0	1	0	0	0	0	0	0	0
712	3459	0.13520520029325336	0.124530115851107	0.004259260409299242	0.9720012003882974	0.13519705843923124	0.1246065776834009	0.07084261619905845	0.9999893119756565	0.26817262467474	0.7030296062494772	0.6908706160074507	0.9332159645993594	0.0003669724770642202	0.0002935779816513761	0.00044036697247706424	0.8275229357798165	0.0003669724770642202	0.0003669724770642202	0.0013944954128440367	0.9999266055045871	0.03823853211009174	0.28628230616302186	0.3283263382666961	0.5475699558173786	13518	1.0079418095450159	1.2563186432062358e-10	0	0	0	0	0	0	0	0	0	0	0	0	0	0	0	0	1	0	0	0	0	0	0	1
713	3460	0.13520520029325336	0.124530115851107	0.004259260409299242	0.9720012003882974	0.13519705843923124	0.1246065776834009	0.07084261619905845	0.9999893119756565	0.26817262467474	0.7030296062494772	0.6908706160074507	0.9332159645993594	0.0003669724770642202	0.0002935779816513761	0.00044036697247706424	0.8275229357798165	0.0003669724770642202	0.0003669724770642202	0.0013944954128440367	0.9999266055045871	0.03823853211009174	0.28628230616302186	0.3283263382666961	0.5475699558173786	4656	2.944709453599306	3.8617958025021735e-06	0	0	0	0	0	0	0	0	0	0	0	0	0	0	0	0	1	0	0	0	0	0	1	0
714	3461	0.13520520029325336	0.124530115851107	0.004259260409299242	0.9720012003882974	0.13519705843923124	0.1246065776834009	0.07084261619905845	0.9999893119756565	0.26817262467474	0.7030296062494772	0.6908706160074507	0.9332159645993594	0.0003669724770642202	0.0002935779816513761	0.00044036697247706424	0.8275229357798165	0.0003669724770642202	0.0003669724770642202	0.0013944954128440367	0.9999266055045871	0.03823853211009174	0.28628230616302186	0.3283263382666961	0.5475699558173786	4656	2.944709453599306	3.8617958025021735e-06	0	0	0	0	0	0	0	0	0	0	0	0	0	0	0	0	1	0	0	0	0	0	1	0
715	3462	0.13520520029325336	0.124530115851107	0.004259260409299242	0.9720012003882974	0.13519705843923124	0.1246065776834009	0.07084261619905845	0.9999893119756565	0.26817262467474	0.7030296062494772	0.6908706160074507	0.9332159645993594	0.0003669724770642202	0.0002935779816513761	0.00044036697247706424	0.8275229357798165	0.0003669724770642202	0.0003669724770642202	0.0013944954128440367	0.9999266055045871	0.03823853211009174	0.28628230616302186	0.3283263382666961	0.5475699558173786	13518	1.0079418095450159	1.2563186432061986e-10	0	0	0	0	0	0	0	0	0	0	0	0	0	0	0	0	1	0	0	0	0	0	1	1
716	3463	0.13520520029325336	0.124530115851107	0.004259260409299242	0.9720012003882974	0.13519705843923124	0.1246065776834009	0.07084261619905845	0.9999893119756565	0.26817262467474	0.7030296062494772	0.6908706160074507	0.9332159645993594	0.0003669724770642202	0.0002935779816513761	0.00044036697247706424	0.8275229357798165	0.0003669724770642202	0.0003669724770642202	0.0013944954128440367	0.9999266055045871	0.03823853211009174	0.28628230616302186	0.3283263382666961	0.5475699558173786	13518	1.0079418095450159	1.2563186432061986e-10	0	0	0	0	0	0	0	0	0	0	0	0	0	0	0	0	1	1	0	0	0	0	1	1
717	3464	0.13520520029325336	0.124530115851107	0.004259260409299242	0.9720012003882974	0.13519705843923124	0.1246065776834009	0.07084261619905845	0.9999893119756565	0.26817262467474	0.7030296062494772	0.6908706160074507	0.9332159645993594	0.0003669724770642202	0.0002935779816513761	0.00044036697247706424	0.8275229357798165	0.0003669724770642202	0.0003669724770642202	0.0013944954128440367	0.9999266055045871	0.03823853211009174	0.28628230616302186	0.3283263382666961	0.5475699558173786	13518	1.0079418095450159	1.2563186432061986e-10	0	0	0	0	0	0	0	0	0	0	0	0	0	0	0	0	1	1	0	0	0	0	1	1
718	3465	0.13520520029325336	0.124530115851107	0.004259260409299242	0.9720012003882974	0.13519705843923124	0.1246065776834009	0.07084261619905845	0.9999893119756565	0.26817262467474	0.7030296062494772	0.6908706160074507	0.9332159645993594	0.0003669724770642202	0.0002935779816513761	0.00044036697247706424	0.8275229357798165	0.0003669724770642202	0.0003669724770642202	0.0013944954128440367	0.9999266055045871	0.03823853211009174	0.28628230616302186	0.3283263382666961	0.5475699558173786	13518	1.0079418095450159	1.2563186432061986e-10	0	0	0	0	0	0	0	0	0	0	0	0	0	0	0	0	1	1	0	0	0	1	1	1
719	3473	0.13520520029325336	0.124530115851107	0.004259260409299242	0.9720012003882974	0.13519705843923124	0.1246065776834009	0.07084261619905845	0.9999893119756565	0.26817262467474	0.7030296062494772	0.6908706160074507	0.9332159645993594	0.0003669724770642202	0.0002935779816513761	0.00044036697247706424	0.8275229357798165	0.0003669724770642202	0.0003669724770642202	0.0013944954128440367	0.9999266055045871	0.03823853211009174	0.28628230616302186	0.3283263382666961	0.5475699558173786	0	0.0	0.0	0	0	0	0	0	0	0	0	0	0	0	0	0	0	0	0	0	0	0	0	0	0	0	0
720	3474	0.13520520029325336	0.124530115851107	0.004259260409299242	0.9720012003882974	0.13519705843923124	0.1246065776834009	0.07084261619905845	0.9999893119756565	0.26817262467474	0.7030296062494772	0.6908706160074507	0.9332159645993594	0.0003669724770642202	0.0002935779816513761	0.00044036697247706424	0.8275229357798165	0.0003669724770642202	0.0003669724770642202	0.0013944954128440367	0.9999266055045871	0.03823853211009174	0.28628230616302186	0.3283263382666961	0.5475699558173786	4	3406.25	0.02953924922144601	0	0	0	0	0	0	0	0	0	0	0	0	0	1	0	0	0	0	0	0	0	0	0	0
721	3475	0.13520520029325336	0.124530115851107	0.004259260409299242	0.9720012003882974	0.13519705843923124	0.1246065776834009	0.07084261619905845	0.9999893119756565	0.26817262467474	0.7030296062494772	0.6908706160074507	0.9332159645993594	0.0003669724770642202	0.0002935779816513761	0.00044036697247706424	0.8275229357798165	0.0003669724770642202	0.0003669724770642202	0.0013944954128440367	0.9999266055045871	0.03823853211009174	0.28628230616302186	0.3283263382666961	0.5475699558173786	5	2725.0	0.033615323154616614	0	0	0	0	0	0	0	0	0	0	0	0	0	1	0	0	0	1	0	0	0	0	0	0
722	3476	0.13520520029325336	0.124530115851107	0.004259260409299242	0.9720012003882974	0.13519705843923124	0.1246065776834009	0.07084261619905845	0.9999893119756565	0.26817262467474	0.7030296062494772	0.6908706160074507	0.9332159645993594	0.0003669724770642202	0.0002935779816513761	0.00044036697247706424	0.8275229357798165	0.0003669724770642202	0.0003669724770642202	0.0013944954128440367	0.9999266055045871	0.03823853211009174	0.28628230616302186	0.3283263382666961	0.5475699558173786	16	851.5625	0.018943182539348534	0	0	0	0	0	0	0	0	0	0	0	0	0	1	1	0	0	1	0	0	0	0	0	0
723	3477	0.13520520029325336	0.124530115851107	0.004259260409299242	0.9720012003882974	0.13519705843923124	0.1246065776834009	0.07084261619905845	0.9999893119756565	0.26817262467474	0.7030296062494772	0.6908706160074507	0.9332159645993594	0.0003669724770642202	0.0002935779816513761	0.00044036697247706424	0.8275229357798165	0.0003669724770642202	0.0003669724770642202	0.0013944954128440367	0.9999266055045871	0.03823853211009174	0.28628230616302186	0.3283263382666961	0.5475699558173786	16	851.5625	0.018943182539348534	0	0	0	0	0	0	0	0	0	0	0	0	0	1	1	0	0	1	0	0	0	0	0	0
724	3478	0.13520520029325336	0.124530115851107	0.004259260409299242	0.9720012003882974	0.13519705843923124	0.1246065776834009	0.07084261619905845	0.9999893119756565	0.26817262467474	0.7030296062494772	0.6908706160074507	0.9332159645993594	0.0003669724770642202	0.0002935779816513761	0.00044036697247706424	0.8275229357798165	0.0003669724770642202	0.0003669724770642202	0.0013944954128440367	0.9999266055045871	0.03823853211009174	0.28628230616302186	0.3283263382666961	0.5475699558173786	26	524.0384615384615	0.005127149247792085	0	0	0	0	0	0	0	0	0	0	0	0	0	1	1	0	1	1	0	0	0	0	0	0
725	3479	0.03441566998979106	0.03441566998979106	0.03907942930560797	0.9882895163487554	0.8505898002931425	0.08682694827348257	0.054094410058565176	1.0	0.5233950094061363	0.4811272358505413	0.5608314867293819	0.7596016173743511	0.00023126734505087883	0.00023126734505087883	0.0003469010175763182	0.9422987974098057	0.42700138824618233	0.02093937991670523	0.001156336725254394	1.0	0.01364477335800185	0.1623578076525336	0.21509824198552224	0.2122153209109731	0	0.0	0.0	0	0	0	0	0	0	0	0	0	0	0	0	0	0	0	0	0	0	0	0	0	0	0	0
726	3480	0.03441566998979106	0.03441566998979106	0.03907942930560797	0.9882895163487554	0.8505898002931425	0.08682694827348257	0.054094410058565176	1.0	0.5233950094061363	0.4811272358505413	0.5608314867293819	0.7596016173743511	0.00023126734505087883	0.00023126734505087883	0.0003469010175763182	0.9422987974098057	0.42700138824618233	0.02093937991670523	0.001156336725254394	1.0	0.01364477335800185	0.1623578076525336	0.21509824198552224	0.2122153209109731	181	47.75690607734806	0.004504289000343205	0	0	0	0	0	0	0	0	0	0	0	0	0	0	0	0	0	1	0	0	0	0	0	0
727	3481	0.03441566998979106	0.03441566998979106	0.03907942930560797	0.9882895163487554	0.8505898002931425	0.08682694827348257	0.054094410058565176	1.0	0.5233950094061363	0.4811272358505413	0.5608314867293819	0.7596016173743511	0.00023126734505087883	0.00023126734505087883	0.0003469010175763182	0.9422987974098057	0.42700138824618233	0.02093937991670523	0.001156336725254394	1.0	0.01364477335800185	0.1623578076525336	0.21509824198552224	0.2122153209109731	3871	2.23359173126615	1.499104462457747e-08	0	0	0	0	0	0	0	0	0	0	0	0	0	0	0	0	1	1	0	0	0	0	0	0
728	3482	0.03441566998979106	0.03441566998979106	0.03907942930560797	0.9882895163487554	0.8505898002931425	0.08682694827348257	0.054094410058565176	1.0	0.5233950094061363	0.4811272358505413	0.5608314867293819	0.7596016173743511	0.00023126734505087883	0.00023126734505087883	0.0003469010175763182	0.9422987974098057	0.42700138824618233	0.02093937991670523	0.001156336725254394	1.0	0.01364477335800185	0.1623578076525336	0.21509824198552224	0.2122153209109731	8041	2.6908077994428967	4.0202524792333264e-07	0	0	0	0	0	0	0	0	0	0	0	0	0	0	0	0	1	1	0	0	0	0	0	1
729	3483	0.10021615688476794	0.10021615688476794	0.0	0.9007127564510853	0.4854785599041388	0.4043665815397928	0.10116426644115113	1.0000000000000002	0.6437197312171351	0.4811272358505413	0.5608314867293819	0.7596016173743511	0.002068252326783868	0.002068252326783868	0.001034126163391934	0.56153050672182	0.14891416752843847	0.11168562564632885	0.0031023784901758012	1.0	0.10754912099276112	0.1623578076525336	0.21509824198552224	0.2122153209109731	108	8.953703703703704	0.00268495702823889	0	0	0	0	0	0	0	0	0	0	0	0	0	0	0	0	0	1	0	0	0	0	0	0
730	3484	0.10021615688476794	0.10021615688476794	0.0	0.9007127564510853	0.4854785599041388	0.4043665815397928	0.10116426644115113	1.0000000000000002	0.6437197312171351	0.4811272358505413	0.5608314867293819	0.7596016173743511	0.002068252326783868	0.002068252326783868	0.001034126163391934	0.56153050672182	0.14891416752843847	0.11168562564632885	0.0031023784901758012	1.0	0.10754912099276112	0.1623578076525336	0.21509824198552224	0.2122153209109731	360	2.6908077994428967	4.02025247923333e-07	0	0	0	0	0	0	0	0	0	0	0	0	0	0	0	0	0	1	0	0	0	0	0	1
731	3485	0.10021615688476794	0.10021615688476794	0.0	0.9007127564510853	0.4854785599041388	0.4043665815397928	0.10116426644115113	1.0000000000000002	0.6437197312171351	0.4811272358505413	0.5608314867293819	0.7596016173743511	0.002068252326783868	0.002068252326783868	0.001034126163391934	0.56153050672182	0.14891416752843847	0.11168562564632885	0.0031023784901758012	1.0	0.10754912099276112	0.1623578076525336	0.21509824198552224	0.2122153209109731	250	3.868	2.903013509943967e-06	0	0	0	0	0	0	0	0	0	0	0	0	0	0	0	0	1	1	0	0	0	0	0	0
732	3486	0.10021615688476794	0.10021615688476794	0.0	0.9007127564510853	0.4854785599041388	0.4043665815397928	0.10116426644115113	1.0000000000000002	0.6437197312171351	0.4811272358505413	0.5608314867293819	0.7596016173743511	0.002068252326783868	0.002068252326783868	0.001034126163391934	0.56153050672182	0.14891416752843847	0.11168562564632885	0.0031023784901758012	1.0	0.10754912099276112	0.1623578076525336	0.21509824198552224	0.2122153209109731	0	0.0	0.0	0	0	0	0	0	0	0	0	0	0	0	0	0	0	0	0	0	0	0	0	0	0	0	0
733	3487	0.10021615688476794	0.10021615688476794	0.0	0.9007127564510853	0.4854785599041388	0.4043665815397928	0.10116426644115113	1.0000000000000002	0.6437197312171351	0.4811272358505413	0.5608314867293819	0.7596016173743511	0.002068252326783868	0.002068252326783868	0.001034126163391934	0.56153050672182	0.14891416752843847	0.11168562564632885	0.0031023784901758012	1.0	0.10754912099276112	0.1623578076525336	0.21509824198552224	0.2122153209109731	205	4.712195121951219	3.9625273341749775e-06	0	0	0	0	0	0	0	0	0	0	0	0	0	0	0	0	0	0	0	0	0	0	0	1
734	3498	0.13520520029325336	0.124530115851107	0.004259260409299242	0.9720012003882974	0.13519705843923124	0.1246065776834009	0.07084261619905845	0.9999893119756565	0.26817262467474	0.7030296062494772	0.6908706160074507	0.9332159645993594	0.0003669724770642202	0.0002935779816513761	0.00044036697247706424	0.8275229357798165	0.0003669724770642202	0.0003669724770642202	0.0013944954128440367	0.9999266055045871	0.03823853211009174	0.28628230616302186	0.3283263382666961	0.5475699558173786	0	0.0	0.0	0	0	0	0	0	0	0	0	0	0	0	0	0	0	0	0	0	0	0	0	0	0	0	0
735	3499	0.00018433106086518204	0.12633123425154882	0.0020141266825214983	0.9515218525895616	0.0	0.12633123425154882	0.005176654061843549	0.9999999999999996	0.28405420877084875	0.5635846587387094	0.7931113820519716	0.9997162089082462	0.00033068783068783067	0.0006613756613756613	0.0006613756613756613	0.7334656084656085	0.00016534391534391533	0.0006613756613756613	0.001984126984126984	1.0	0.0861441798941799	0.4773028495692512	0.16583830351225978	0.9985086992543496	0	0.0	0.0	0	0	0	0	0	0	0	0	0	0	0	0	0	0	0	0	0	0	0	0	0	0	0	0
736	3500	0.00018433106086518204	0.12633123425154882	0.0020141266825214983	0.9515218525895616	0.0	0.12633123425154882	0.005176654061843549	0.9999999999999996	0.28405420877084875	0.5635846587387094	0.7931113820519716	0.9997162089082462	0.00033068783068783067	0.0006613756613756613	0.0006613756613756613	0.7334656084656085	0.00016534391534391533	0.0006613756613756613	0.001984126984126984	1.0	0.0861441798941799	0.4773028495692512	0.16583830351225978	0.9985086992543496	4	1512.0	0.02080722496045743	0	0	0	0	0	0	0	0	0	0	0	0	0	0	0	0	0	1	0	0	0	0	0	0
737	3501	0.13520520029325336	0.124530115851107	0.004259260409299242	0.9720012003882974	0.13519705843923124	0.1246065776834009	0.07084261619905845	0.9999893119756565	0.26817262467474	0.7030296062494772	0.6908706160074507	0.9332159645993594	0.0003669724770642202	0.0002935779816513761	0.00044036697247706424	0.8275229357798165	0.0003669724770642202	0.0003669724770642202	0.0013944954128440367	0.9999266055045871	0.03823853211009174	0.28628230616302186	0.3283263382666961	0.5475699558173786	0	0.0	0.0	0	0	0	0	0	0	0	0	0	0	0	0	0	0	0	0	0	0	0	0	0	0	0	0
738	3502	0.0	0.01693829583718369	0.007309770164117796	0.9989661145901698	0.0	0.01693829583718369	0.11472380688832542	0.9999999999999999	0.1611442670082963	0.8883715144475807	0.5599840482386409	0.991524188758573	0.00047551117451260106	0.0009510223490252021	0.0019020446980504042	0.9957203994293866	0.00047551117451260106	0.0009510223490252021	0.005706134094151213	1.0	0.0033285782215882074	0.47619047619047616	0.4861904761904762	0.9657142857142857	0	0.0	0.0	0	0	0	0	0	0	0	0	0	0	0	0	0	0	0	0	0	0	0	0	0	0	0	0
739	3503	0.0	0.01693829583718369	0.007309770164117796	0.9989661145901698	0.0	0.01693829583718369	0.11472380688832542	0.9999999999999999	0.1611442670082963	0.8883715144475807	0.5599840482386409	0.991524188758573	0.00047551117451260106	0.0009510223490252021	0.0019020446980504042	0.9957203994293866	0.00047551117451260106	0.0009510223490252021	0.005706134094151213	1.0	0.0033285782215882074	0.47619047619047616	0.4861904761904762	0.9657142857142857	2	1051.5	0.2222833286867548	0	0	0	0	0	0	0	0	0	0	0	0	0	0	0	0	0	1	0	0	0	0	0	0
740	3504	0.13520520029325336	0.124530115851107	0.004259260409299242	0.9720012003882974	0.13519705843923124	0.1246065776834009	0.07084261619905845	0.9999893119756565	0.26817262467474	0.7030296062494772	0.6908706160074507	0.9332159645993594	0.0003669724770642202	0.0002935779816513761	0.00044036697247706424	0.8275229357798165	0.0003669724770642202	0.0003669724770642202	0.0013944954128440367	0.9999266055045871	0.03823853211009174	0.28628230616302186	0.3283263382666961	0.5475699558173786	5	2725.0	0.02132425270600118	0	0	0	0	0	0	0	0	0	0	0	0	0	0	0	0	1	0	0	0	0	0	0	0
741	3505	0.13520520029325336	0.124530115851107	0.004259260409299242	0.9720012003882974	0.13519705843923124	0.1246065776834009	0.07084261619905845	0.9999893119756565	0.26817262467474	0.7030296062494772	0.6908706160074507	0.9332159645993594	0.0003669724770642202	0.0002935779816513761	0.00044036697247706424	0.8275229357798165	0.0003669724770642202	0.0003669724770642202	0.0013944954128440367	0.9999266055045871	0.03823853211009174	0.28628230616302186	0.3283263382666961	0.5475699558173786	5	2725.0	0.02132425270600118	0	0	0	0	0	0	0	0	0	0	0	0	0	0	0	0	1	0	0	0	0	0	0	0
742	3506	0.13520520029325336	0.124530115851107	0.004259260409299242	0.9720012003882974	0.13519705843923124	0.1246065776834009	0.07084261619905845	0.9999893119756565	0.26817262467474	0.7030296062494772	0.6908706160074507	0.9332159645993594	0.0003669724770642202	0.0002935779816513761	0.00044036697247706424	0.8275229357798165	0.0003669724770642202	0.0003669724770642202	0.0013944954128440367	0.9999266055045871	0.03823853211009174	0.28628230616302186	0.3283263382666961	0.5475699558173786	5	2725.0	0.02132425270600118	0	0	0	0	0	0	0	0	0	0	0	0	0	0	0	0	1	0	0	0	0	0	0	0
743	3507	0.13520520029325336	0.124530115851107	0.004259260409299242	0.9720012003882974	0.13519705843923124	0.1246065776834009	0.07084261619905845	0.9999893119756565	0.26817262467474	0.7030296062494772	0.6908706160074507	0.9332159645993594	0.0003669724770642202	0.0002935779816513761	0.00044036697247706424	0.8275229357798165	0.0003669724770642202	0.0003669724770642202	0.0013944954128440367	0.9999266055045871	0.03823853211009174	0.28628230616302186	0.3283263382666961	0.5475699558173786	17	801.4705882352941	0.0144500059267086	0	0	0	0	0	0	0	0	0	0	0	0	0	0	1	0	1	0	0	0	0	0	0	0
744	3508	0.11955602940308706	0.0	0.001824063137395815	0.9848201415475099	0.11955602940308706	0.0	0.08102392522181152	1.0000000000000002	0.2846836696236597	0.7724296235225633	0.5660928924192601	0.9993621116762358	0.0004020908725371934	0.00013403029084573114	0.0005361211633829246	0.9056426752446053	0.0004020908725371934	0.00013403029084573114	0.0013403029084573114	1.0	0.06956172094893445	0.13424620754463687	0.4632836622365418	0.9965095986038395	0	0.0	0.0	0	0	0	0	0	0	0	0	0	0	0	0	0	0	0	0	0	0	0	0	0	0	0	0
745	3509	0.11955602940308706	0.0	0.001824063137395815	0.9848201415475099	0.11955602940308706	0.0	0.08102392522181152	1.0000000000000002	0.2846836696236597	0.7724296235225633	0.5660928924192601	0.9993621116762358	0.0004020908725371934	0.00013403029084573114	0.0005361211633829246	0.9056426752446053	0.0004020908725371934	0.00013403029084573114	0.0013403029084573114	1.0	0.06956172094893445	0.13424620754463687	0.4632836622365418	0.9965095986038395	0	0.0	0.0	0	0	0	0	0	0	0	0	0	0	0	0	0	0	0	0	0	0	0	0	0	0	0	0
746	3510	0.00018433106086518204	0.12633123425154882	0.0020141266825214983	0.9515218525895616	0.0	0.12633123425154882	0.005176654061843549	0.9999999999999996	0.28405420877084875	0.5635846587387094	0.7931113820519716	0.9997162089082462	0.00033068783068783067	0.0006613756613756613	0.0006613756613756613	0.7334656084656085	0.00016534391534391533	0.0006613756613756613	0.001984126984126984	1.0	0.0861441798941799	0.4773028495692512	0.16583830351225978	0.9985086992543496	0	0.0	0.0	0	0	0	0	0	0	0	0	0	0	0	0	0	0	0	0	0	0	0	0	0	0	0	0
747	3511	0.00018433106086518204	0.12633123425154882	0.0020141266825214983	0.9515218525895616	0.0	0.12633123425154882	0.005176654061843549	0.9999999999999996	0.28405420877084875	0.5635846587387094	0.7931113820519716	0.9997162089082462	0.00033068783068783067	0.0006613756613756613	0.0006613756613756613	0.7334656084656085	0.00016534391534391533	0.0006613756613756613	0.001984126984126984	1.0	0.0861441798941799	0.4773028495692512	0.16583830351225978	0.9985086992543496	0	0.0	0.0	0	0	0	0	0	0	0	0	0	0	0	0	0	0	0	0	0	0	0	0	0	0	0	0
748	3512	0.00018433106086518204	0.12633123425154882	0.0020141266825214983	0.9515218525895616	0.0	0.12633123425154882	0.005176654061843549	0.9999999999999996	0.28405420877084875	0.5635846587387094	0.7931113820519716	0.9997162089082462	0.00033068783068783067	0.0006613756613756613	0.0006613756613756613	0.7334656084656085	0.00016534391534391533	0.0006613756613756613	0.001984126984126984	1.0	0.0861441798941799	0.4773028495692512	0.16583830351225978	0.9985086992543496	0	0.0	0.0	0	0	0	0	0	0	0	0	0	0	0	0	0	0	0	0	0	0	0	0	0	0	0	0
749	3513	0.00018433106086518204	0.12633123425154882	0.0020141266825214983	0.9515218525895616	0.0	0.12633123425154882	0.005176654061843549	0.9999999999999996	0.28405420877084875	0.5635846587387094	0.7931113820519716	0.9997162089082462	0.00033068783068783067	0.0006613756613756613	0.0006613756613756613	0.7334656084656085	0.00016534391534391533	0.0006613756613756613	0.001984126984126984	1.0	0.0861441798941799	0.4773028495692512	0.16583830351225978	0.9985086992543496	4	1512.0	0.02080722496045743	0	0	0	0	0	0	0	0	0	0	0	0	0	0	0	0	0	1	0	0	0	0	0	0
750	3514	0.0	0.0	0.0	1.0	0.0	0.0	0.3648950908989808	1.0	0.4449238814187271	0.9658722633586914	0.18478328922208231	1.0	0.06666666666666667	0.06666666666666667	0.06666666666666667	1.0	0.06666666666666667	0.06666666666666667	0.26666666666666666	1.0	0.3333333333333333	0.9333333333333333	0.13333333333333333	1.0	1	15.0	0.0	0	0	0	0	0	0	0	0	0	0	0	0	0	0	0	0	0	1	0	0	0	0	0	0
751	3515	0.0	0.0	0.0	1.0	0.0	0.0	0.3648950908989808	1.0	0.4449238814187271	0.9658722633586914	0.18478328922208231	1.0	0.06666666666666667	0.06666666666666667	0.06666666666666667	1.0	0.06666666666666667	0.06666666666666667	0.26666666666666666	1.0	0.3333333333333333	0.9333333333333333	0.13333333333333333	1.0	1	15.0	0.0	0	0	0	0	0	0	0	0	0	0	0	0	0	0	0	0	0	1	0	0	0	0	0	0
752	3516	0.03441566998979106	0.03441566998979106	0.03907942930560797	0.9882895163487554	0.8505898002931425	0.08682694827348257	0.054094410058565176	1.0	0.5233950094061363	0.4811272358505413	0.5608314867293819	0.7596016173743511	0.00023126734505087883	0.00023126734505087883	0.0003469010175763182	0.9422987974098057	0.42700138824618233	0.02093937991670523	0.001156336725254394	1.0	0.01364477335800185	0.1623578076525336	0.21509824198552224	0.2122153209109731	0	0.0	0.0	0	0	0	0	0	0	0	0	0	0	0	0	0	0	0	0	0	0	0	0	0	0	0	0
753	3517	0.03441566998979106	0.03441566998979106	0.03907942930560797	0.9882895163487554	0.8505898002931425	0.08682694827348257	0.054094410058565176	1.0	0.5233950094061363	0.4811272358505413	0.5608314867293819	0.7596016173743511	0.00023126734505087883	0.00023126734505087883	0.0003469010175763182	0.9422987974098057	0.42700138824618233	0.02093937991670523	0.001156336725254394	1.0	0.01364477335800185	0.1623578076525336	0.21509824198552224	0.2122153209109731	181	47.75690607734806	0.004504289000343205	0	0	0	0	0	0	0	0	0	0	0	0	0	0	0	0	0	1	0	0	0	0	0	0
754	3518	0.03441566998979106	0.03441566998979106	0.03907942930560797	0.9882895163487554	0.8505898002931425	0.08682694827348257	0.054094410058565176	1.0	0.5233950094061363	0.4811272358505413	0.5608314867293819	0.7596016173743511	0.00023126734505087883	0.00023126734505087883	0.0003469010175763182	0.9422987974098057	0.42700138824618233	0.02093937991670523	0.001156336725254394	1.0	0.01364477335800185	0.1623578076525336	0.21509824198552224	0.2122153209109731	3871	2.23359173126615	1.499104462457747e-08	0	0	0	0	0	0	0	0	0	0	0	0	0	0	0	0	1	1	0	0	0	0	0	0
755	3519	0.03441566998979106	0.03441566998979106	0.03907942930560797	0.9882895163487554	0.8505898002931425	0.08682694827348257	0.054094410058565176	1.0	0.5233950094061363	0.4811272358505413	0.5608314867293819	0.7596016173743511	0.00023126734505087883	0.00023126734505087883	0.0003469010175763182	0.9422987974098057	0.42700138824618233	0.02093937991670523	0.001156336725254394	1.0	0.01364477335800185	0.1623578076525336	0.21509824198552224	0.2122153209109731	4120	2.098567613498422	5.335154053001599e-09	0	0	0	0	0	0	0	0	0	0	0	0	0	0	1	0	1	1	0	0	0	0	0	0
756	3520	0.03441566998979106	0.03441566998979106	0.03907942930560797	0.9882895163487554	0.8505898002931425	0.08682694827348257	0.054094410058565176	1.0	0.5233950094061363	0.4811272358505413	0.5608314867293819	0.7596016173743511	0.00023126734505087883	0.00023126734505087883	0.0003469010175763182	0.9422987974098057	0.42700138824618233	0.02093937991670523	0.001156336725254394	1.0	0.01364477335800185	0.1623578076525336	0.21509824198552224	0.2122153209109731	289	30.01388888888889	0.002480116545577138	0	0	0	0	0	0	0	0	0	0	0	0	0	0	1	0	0	1	0	0	0	0	0	0
757	3521	0.03441566998979106	0.03441566998979106	0.03907942930560797	0.9882895163487554	0.8505898002931425	0.08682694827348257	0.054094410058565176	1.0	0.5233950094061363	0.4811272358505413	0.5608314867293819	0.7596016173743511	0.00023126734505087883	0.00023126734505087883	0.0003469010175763182	0.9422987974098057	0.42700138824618233	0.02093937991670523	0.001156336725254394	1.0	0.01364477335800185	0.1623578076525336	0.21509824198552224	0.2122153209109731	4120	2.098567613498422	5.335154053001392e-09	0	0	0	0	0	0	0	0	0	0	0	0	0	0	1	0	1	1	0	0	0	0	0	0
758	3522	0.0	0.0	0.0	0.0	0.0	0.0	0.0	0.0	0.0	0.0	0.0	0.0	0.0	0.0	0.0	0.0	0.0	0.0	0.0	0.0	0.0	0.0	0.0	0.0	0			0	0	0	0	0	0	0	0	0	0	0	0	0	0	1	0	1	1	0	0	0	0	0	0
759	3527	0.03441566998979106	0.03441566998979106	0.03907942930560797	0.9882895163487554	0.8505898002931425	0.08682694827348257	0.054094410058565176	1.0	0.5233950094061363	0.4811272358505413	0.5608314867293819	0.7596016173743511	0.00023126734505087883	0.00023126734505087883	0.0003469010175763182	0.9422987974098057	0.42700138824618233	0.02093937991670523	0.001156336725254394	1.0	0.01364477335800185	0.1623578076525336	0.21509824198552224	0.2122153209109731	0	0.0	0.0	0	0	0	0	0	0	0	0	0	0	0	0	0	0	0	0	0	0	0	0	0	0	0	0
760	3528	0.03441566998979106	0.03441566998979106	0.03907942930560797	0.9882895163487554	0.8505898002931425	0.08682694827348257	0.054094410058565176	1.0	0.5233950094061363	0.4811272358505413	0.5608314867293819	0.7596016173743511	0.00023126734505087883	0.00023126734505087883	0.0003469010175763182	0.9422987974098057	0.42700138824618233	0.02093937991670523	0.001156336725254394	1.0	0.01364477335800185	0.1623578076525336	0.21509824198552224	0.2122153209109731	181	47.75690607734806	0.004504289000343205	0	0	0	0	0	0	0	0	0	0	0	0	0	0	0	0	0	1	0	0	0	0	0	0
761	3529	0.03441566998979106	0.03441566998979106	0.03907942930560797	0.9882895163487554	0.8505898002931425	0.08682694827348257	0.054094410058565176	1.0	0.5233950094061363	0.4811272358505413	0.5608314867293819	0.7596016173743511	0.00023126734505087883	0.00023126734505087883	0.0003469010175763182	0.9422987974098057	0.42700138824618233	0.02093937991670523	0.001156336725254394	1.0	0.01364477335800185	0.1623578076525336	0.21509824198552224	0.2122153209109731	3871	2.23359173126615	1.499104462457747e-08	0	0	0	0	0	0	0	0	0	0	0	0	0	0	0	0	1	1	0	0	0	0	0	0
762	3530	0.03441566998979106	0.03441566998979106	0.03907942930560797	0.9882895163487554	0.8505898002931425	0.08682694827348257	0.054094410058565176	1.0	0.5233950094061363	0.4811272358505413	0.5608314867293819	0.7596016173743511	0.00023126734505087883	0.00023126734505087883	0.0003469010175763182	0.9422987974098057	0.42700138824618233	0.02093937991670523	0.001156336725254394	1.0	0.01364477335800185	0.1623578076525336	0.21509824198552224	0.2122153209109731	4120	2.098567613498422	5.335154053001599e-09	0	0	0	0	0	0	0	0	0	0	0	0	0	0	1	0	1	1	0	0	0	0	0	0
763	3531	0.03441566998979106	0.03441566998979106	0.03907942930560797	0.9882895163487554	0.8505898002931425	0.08682694827348257	0.054094410058565176	1.0	0.5233950094061363	0.4811272358505413	0.5608314867293819	0.7596016173743511	0.00023126734505087883	0.00023126734505087883	0.0003469010175763182	0.9422987974098057	0.42700138824618233	0.02093937991670523	0.001156336725254394	1.0	0.01364477335800185	0.1623578076525336	0.21509824198552224	0.2122153209109731	289	30.01388888888889	0.002480116545577138	0	0	0	0	0	0	0	0	0	0	0	0	0	0	1	0	0	1	0	0	0	0	0	0
764	3532	0.03441566998979106	0.03441566998979106	0.03907942930560797	0.9882895163487554	0.8505898002931425	0.08682694827348257	0.054094410058565176	1.0	0.5233950094061363	0.4811272358505413	0.5608314867293819	0.7596016173743511	0.00023126734505087883	0.00023126734505087883	0.0003469010175763182	0.9422987974098057	0.42700138824618233	0.02093937991670523	0.001156336725254394	1.0	0.01364477335800185	0.1623578076525336	0.21509824198552224	0.2122153209109731	4120	2.098567613498422	5.335154053001392e-09	0	0	0	0	0	0	0	0	0	0	0	0	0	0	1	0	1	1	0	0	0	0	0	0
765	3533	0.0	0.0	0.0	0.0	0.0	0.0	0.0	0.0	0.0	0.0	0.0	0.0	0.0	0.0	0.0	0.0	0.0	0.0	0.0	0.0	0.0	0.0	0.0	0.0	0			0	0	0	0	0	0	0	0	0	0	0	0	0	0	1	0	1	1	0	0	0	0	0	0
766	3534	0.03441566998979106	0.03441566998979106	0.03907942930560797	0.9882895163487554	0.8505898002931425	0.08682694827348257	0.054094410058565176	1.0	0.5233950094061363	0.4811272358505413	0.5608314867293819	0.7596016173743511	0.00023126734505087883	0.00023126734505087883	0.0003469010175763182	0.9422987974098057	0.42700138824618233	0.02093937991670523	0.001156336725254394	1.0	0.01364477335800185	0.1623578076525336	0.21509824198552224	0.2122153209109731	7838	6.159235668789809	0.0010685928516663648	0	0	0	0	0	0	0	0	0	0	0	0	0	0	1	0	0	1	0	0	0	1	0	0
767	3535	0.03441566998979106	0.03441566998979106	0.03907942930560797	0.9882895163487554	0.8505898002931425	0.08682694827348257	0.054094410058565176	1.0	0.5233950094061363	0.4811272358505413	0.5608314867293819	0.7596016173743511	0.00023126734505087883	0.00023126734505087883	0.0003469010175763182	0.9422987974098057	0.42700138824618233	0.02093937991670523	0.001156336725254394	1.0	0.01364477335800185	0.1623578076525336	0.21509824198552224	0.2122153209109731	8041	2.686111111111111	4.0854862049244115e-07	0	0	0	0	0	0	0	0	0	0	0	0	0	0	1	0	1	1	0	0	0	1	0	0
768	3536	0.13520520029325336	0.124530115851107	0.004259260409299242	0.9720012003882974	0.13519705843923124	0.1246065776834009	0.07084261619905845	0.9999893119756565	0.26817262467474	0.7030296062494772	0.6908706160074507	0.9332159645993594	0.0003669724770642202	0.0002935779816513761	0.00044036697247706424	0.8275229357798165	0.0003669724770642202	0.0003669724770642202	0.0013944954128440367	0.9999266055045871	0.03823853211009174	0.28628230616302186	0.3283263382666961	0.5475699558173786	0	0.0	0.0	0	0	0	0	0	0	0	0	0	0	0	0	0	0	0	0	0	0	0	0	0	0	0	0
769	3537	0.13520520029325336	0.124530115851107	0.004259260409299242	0.9720012003882974	0.13519705843923124	0.1246065776834009	0.07084261619905845	0.9999893119756565	0.26817262467474	0.7030296062494772	0.6908706160074507	0.9332159645993594	0.0003669724770642202	0.0002935779816513761	0.00044036697247706424	0.8275229357798165	0.0003669724770642202	0.0003669724770642202	0.0013944954128440367	0.9999266055045871	0.03823853211009174	0.28628230616302186	0.3283263382666961	0.5475699558173786	5	2725.0	0.033615323154616614	0	0	0	0	0	0	0	0	0	0	0	0	0	0	0	0	0	1	0	0	0	0	0	0
770	3538	0.13520520029325336	0.124530115851107	0.004259260409299242	0.9720012003882974	0.13519705843923124	0.1246065776834009	0.07084261619905845	0.9999893119756565	0.26817262467474	0.7030296062494772	0.6908706160074507	0.9332159645993594	0.0003669724770642202	0.0002935779816513761	0.00044036697247706424	0.8275229357798165	0.0003669724770642202	0.0003669724770642202	0.0013944954128440367	0.9999266055045871	0.03823853211009174	0.28628230616302186	0.3283263382666961	0.5475699558173786	11	1238.6363636363637	0.007413116089930377	0	0	0	0	0	0	0	0	0	0	0	0	0	0	0	0	1	1	0	0	0	0	0	0
771	3539	0.13520520029325336	0.124530115851107	0.004259260409299242	0.9720012003882974	0.13519705843923124	0.1246065776834009	0.07084261619905845	0.9999893119756565	0.26817262467474	0.7030296062494772	0.6908706160074507	0.9332159645993594	0.0003669724770642202	0.0002935779816513761	0.00044036697247706424	0.8275229357798165	0.0003669724770642202	0.0003669724770642202	0.0013944954128440367	0.9999266055045871	0.03823853211009174	0.28628230616302186	0.3283263382666961	0.5475699558173786	26	524.0384615384615	0.005127149247792085	0	0	0	0	0	0	0	0	0	0	0	0	0	0	1	0	1	1	0	0	0	0	0	0
772	3540	0.13520520029325336	0.124530115851107	0.004259260409299242	0.9720012003882974	0.13519705843923124	0.1246065776834009	0.07084261619905845	0.9999893119756565	0.26817262467474	0.7030296062494772	0.6908706160074507	0.9332159645993594	0.0003669724770642202	0.0002935779816513761	0.00044036697247706424	0.8275229357798165	0.0003669724770642202	0.0003669724770642202	0.0013944954128440367	0.9999266055045871	0.03823853211009174	0.28628230616302186	0.3283263382666961	0.5475699558173786	6058	2.258230794812105	2.2413850498631665e-06	0	0	0	0	0	0	0	0	0	0	0	0	0	0	1	0	1	1	0	0	0	1	0	0
773	3541	0.11729455006799547	0.14657259667796654	0.00021104479605638657	0.9716192145996879	0.11727540633493884	0.14667498418904518	0.07893245763821796	0.9999845953635542	0.2828235398589831	0.6873992203176738	0.8736126591394991	0.9515055012347323	0.0004084550188910446	0.0004084550188910446	0.0002042275094455223	0.8352905136321862	0.0004084550188910446	0.0005105687736138058	0.0008169100377820892	0.9998978862452772	0.05320126621055856	0.39681405085264987	0.45501889104462373	0.683312908496732	5994	1.6338004671338004	4.321891212546284e-06	0	0	0	0	0	0	0	0	0	0	0	0	0	0	1	0	1	1	0	0	0	1	0	0
774	3542	0.11729455006799547	0.14657259667796654	0.00021104479605638657	0.9716192145996879	0.11727540633493884	0.14667498418904518	0.07893245763821796	0.9999845953635542	0.2828235398589831	0.6873992203176738	0.8736126591394991	0.9515055012347323	0.0004084550188910446	0.0004084550188910446	0.0002042275094455223	0.8352905136321862	0.0004084550188910446	0.0005105687736138058	0.0008169100377820892	0.9998978862452772	0.05320126621055856	0.39681405085264987	0.45501889104462373	0.683312908496732	5994	1.6338004671338004	4.321891212546284e-06	0	0	0	0	0	0	0	0	0	0	0	0	0	0	1	0	1	1	0	0	0	1	0	0
775	3543	0.20843312473476686	0.0	0.0	1.0	0.20843312473476686	0.0	0.2046585550243342	1.0	0.5050015301587245	0.9844214875661369	0.20843312473476686	1.0	0.07407407407407407	0.037037037037037035	0.037037037037037035	1.0	0.07407407407407407	0.037037037037037035	0.14814814814814814	1.0	0.25925925925925924	0.9629629629629629	0.07407407407407407	1.0	26	1.0384615384615385	5.073010771016469e-05	0	0	0	0	0	0	0	0	0	0	0	0	0	0	1	0	1	1	0	0	0	1	0	0
776	3556	0.13520520029325336	0.124530115851107	0.004259260409299242	0.9720012003882974	0.13519705843923124	0.1246065776834009	0.07084261619905845	0.9999893119756565	0.26817262467474	0.7030296062494772	0.6908706160074507	0.9332159645993594	0.0003669724770642202	0.0002935779816513761	0.00044036697247706424	0.8275229357798165	0.0003669724770642202	0.0003669724770642202	0.0013944954128440367	0.9999266055045871	0.03823853211009174	0.28628230616302186	0.3283263382666961	0.5475699558173786	0	0.0	0.0	0	0	0	0	0	0	0	0	0	0	0	0	0	0	0	0	0	0	0	0	0	0	0	0
777	3558	0.13520520029325336	0.124530115851107	0.004259260409299242	0.9720012003882974	0.13519705843923124	0.1246065776834009	0.07084261619905845	0.9999893119756565	0.26817262467474	0.7030296062494772	0.6908706160074507	0.9332159645993594	0.0003669724770642202	0.0002935779816513761	0.00044036697247706424	0.8275229357798165	0.0003669724770642202	0.0003669724770642202	0.0013944954128440367	0.9999266055045871	0.03823853211009174	0.28628230616302186	0.3283263382666961	0.5475699558173786	5	2725.0	0.033615323154616614	0	0	0	0	0	0	0	0	0	0	0	0	0	0	0	0	0	1	0	0	0	0	0	0
778	3560	0.13520520029325336	0.124530115851107	0.004259260409299242	0.9720012003882974	0.13519705843923124	0.1246065776834009	0.07084261619905845	0.9999893119756565	0.26817262467474	0.7030296062494772	0.6908706160074507	0.9332159645993594	0.0003669724770642202	0.0002935779816513761	0.00044036697247706424	0.8275229357798165	0.0003669724770642202	0.0003669724770642202	0.0013944954128440367	0.9999266055045871	0.03823853211009174	0.28628230616302186	0.3283263382666961	0.5475699558173786	11	1238.6363636363637	0.007413116089930377	0	0	0	0	0	0	0	0	0	0	0	0	0	0	0	0	1	1	0	0	0	0	0	0
779	3564	0.13520520029325336	0.124530115851107	0.004259260409299242	0.9720012003882974	0.13519705843923124	0.1246065776834009	0.07084261619905845	0.9999893119756565	0.26817262467474	0.7030296062494772	0.6908706160074507	0.9332159645993594	0.0003669724770642202	0.0002935779816513761	0.00044036697247706424	0.8275229357798165	0.0003669724770642202	0.0003669724770642202	0.0013944954128440367	0.9999266055045871	0.03823853211009174	0.28628230616302186	0.3283263382666961	0.5475699558173786	26	524.0384615384615	0.005127149247792085	0	0	0	0	0	0	0	0	0	0	0	0	0	0	1	0	1	1	0	0	0	0	0	0
780	3566	0.13520520029325336	0.124530115851107	0.004259260409299242	0.9720012003882974	0.13519705843923124	0.1246065776834009	0.07084261619905845	0.9999893119756565	0.26817262467474	0.7030296062494772	0.6908706160074507	0.9332159645993594	0.0003669724770642202	0.0002935779816513761	0.00044036697247706424	0.8275229357798165	0.0003669724770642202	0.0003669724770642202	0.0013944954128440367	0.9999266055045871	0.03823853211009174	0.28628230616302186	0.3283263382666961	0.5475699558173786	16	851.5625	0.018943182539348534	0	0	0	0	0	0	0	0	0	0	0	0	0	0	1	0	0	1	0	0	0	0	0	0
781	3567	0.13520520029325336	0.124530115851107	0.004259260409299242	0.9720012003882974	0.13519705843923124	0.1246065776834009	0.07084261619905845	0.9999893119756565	0.26817262467474	0.7030296062494772	0.6908706160074507	0.9332159645993594	0.0003669724770642202	0.0002935779816513761	0.00044036697247706424	0.8275229357798165	0.0003669724770642202	0.0003669724770642202	0.0013944954128440367	0.9999266055045871	0.03823853211009174	0.28628230616302186	0.3283263382666961	0.5475699558173786	26	524.0384615384615	0.005127149247792085	0	0	0	0	0	0	0	0	0	0	0	0	0	0	1	0	1	1	0	0	0	0	0	0
782	3570	0.13520520029325336	0.124530115851107	0.004259260409299242	0.9720012003882974	0.13519705843923124	0.1246065776834009	0.07084261619905845	0.9999893119756565	0.26817262467474	0.7030296062494772	0.6908706160074507	0.9332159645993594	0.0003669724770642202	0.0002935779816513761	0.00044036697247706424	0.8275229357798165	0.0003669724770642202	0.0003669724770642202	0.0013944954128440367	0.9999266055045871	0.03823853211009174	0.28628230616302186	0.3283263382666961	0.5475699558173786	26	524.0384615384615	0.005127149247792085	0	0	0	0	0	0	0	0	0	0	0	0	0	0	1	0	1	1	0	0	0	0	0	0
783	3571	0.13520520029325336	0.124530115851107	0.004259260409299242	0.9720012003882974	0.13519705843923124	0.1246065776834009	0.07084261619905845	0.9999893119756565	0.26817262467474	0.7030296062494772	0.6908706160074507	0.9332159645993594	0.0003669724770642202	0.0002935779816513761	0.00044036697247706424	0.8275229357798165	0.0003669724770642202	0.0003669724770642202	0.0013944954128440367	0.9999266055045871	0.03823853211009174	0.28628230616302186	0.3283263382666961	0.5475699558173786	6058	2.258230794812105	2.2413850498631665e-06	0	0	0	0	0	0	0	0	0	0	0	0	0	0	1	0	1	1	0	0	0	1	0	0
784	3609	0.13520520029325336	0.124530115851107	0.004259260409299242	0.9720012003882974	0.13519705843923124	0.1246065776834009	0.07084261619905845	0.9999893119756565	0.26817262467474	0.7030296062494772	0.6908706160074507	0.9332159645993594	0.0003669724770642202	0.0002935779816513761	0.00044036697247706424	0.8275229357798165	0.0003669724770642202	0.0003669724770642202	0.0013944954128440367	0.9999266055045871	0.03823853211009174	0.28628230616302186	0.3283263382666961	0.5475699558173786	0	0.0	0.0	0	0	0	0	0	0	0	0	0	0	0	0	0	0	0	0	0	0	0	0	0	0	0	0
785	3610	0.13520520029325336	0.124530115851107	0.004259260409299242	0.9720012003882974	0.13519705843923124	0.1246065776834009	0.07084261619905845	0.9999893119756565	0.26817262467474	0.7030296062494772	0.6908706160074507	0.9332159645993594	0.0003669724770642202	0.0002935779816513761	0.00044036697247706424	0.8275229357798165	0.0003669724770642202	0.0003669724770642202	0.0013944954128440367	0.9999266055045871	0.03823853211009174	0.28628230616302186	0.3283263382666961	0.5475699558173786	5	2725.0	0.033615323154616614	0	0	0	0	0	0	0	0	0	0	0	0	0	0	0	0	0	1	0	0	0	0	0	0
786	3611	0.13520520029325336	0.124530115851107	0.004259260409299242	0.9720012003882974	0.13519705843923124	0.1246065776834009	0.07084261619905845	0.9999893119756565	0.26817262467474	0.7030296062494772	0.6908706160074507	0.9332159645993594	0.0003669724770642202	0.0002935779816513761	0.00044036697247706424	0.8275229357798165	0.0003669724770642202	0.0003669724770642202	0.0013944954128440367	0.9999266055045871	0.03823853211009174	0.28628230616302186	0.3283263382666961	0.5475699558173786	11	1238.6363636363637	0.007413116089930377	0	0	0	0	0	0	0	0	0	0	0	0	0	0	0	0	1	1	0	0	0	0	0	0
787	3613	0.13520520029325336	0.124530115851107	0.004259260409299242	0.9720012003882974	0.13519705843923124	0.1246065776834009	0.07084261619905845	0.9999893119756565	0.26817262467474	0.7030296062494772	0.6908706160074507	0.9332159645993594	0.0003669724770642202	0.0002935779816513761	0.00044036697247706424	0.8275229357798165	0.0003669724770642202	0.0003669724770642202	0.0013944954128440367	0.9999266055045871	0.03823853211009174	0.28628230616302186	0.3283263382666961	0.5475699558173786	26	524.0384615384615	0.005127149247792085	0	0	0	0	0	0	0	0	0	0	0	0	0	0	1	0	1	1	0	0	0	0	0	0
788	3616	0.13520520029325336	0.124530115851107	0.004259260409299242	0.9720012003882974	0.13519705843923124	0.1246065776834009	0.07084261619905845	0.9999893119756565	0.26817262467474	0.7030296062494772	0.6908706160074507	0.9332159645993594	0.0003669724770642202	0.0002935779816513761	0.00044036697247706424	0.8275229357798165	0.0003669724770642202	0.0003669724770642202	0.0013944954128440367	0.9999266055045871	0.03823853211009174	0.28628230616302186	0.3283263382666961	0.5475699558173786	13547	1.0057769219374908	6.728917964487089e-11	0	0	0	0	0	0	0	0	0	0	0	0	0	0	1	0	1	1	0	0	0	0	0	1
789	3622	0.13440864374468953	0.12435242252209446	0.0	0.9724205566612727	0.13440040473423878	0.12442932402749578	0.06651363375387548	0.9999892483354612	0.266637885263024	0.703134360176821	0.6909285378512373	0.9337189852397746	0.00029515938606847696	0.00029515938606847696	7.378984651711924e-05	0.8293978748524203	0.00029515938606847696	0.0003689492325855962	0.00044273907910271547	0.9999262101534829	0.03844451003541913	0.28689492325855964	0.3290289256198347	0.5487417902737806	13474	1.0057893564907594	6.772255940531656e-11	0	0	0	0	0	0	0	0	0	0	0	0	0	0	1	0	1	1	0	0	0	0	0	1
790	3631	0.20843312473476686	0.0	0.0	1.0	0.20843312473476686	0.0	0.2046585550243342	1.0	0.5050015301587245	0.9844214875661369	0.20843312473476686	1.0	0.07407407407407407	0.037037037037037035	0.037037037037037035	1.0	0.07407407407407407	0.037037037037037035	0.14814814814814814	1.0	0.25925925925925924	0.9629629629629629	0.07407407407407407	1.0	27	1.0	4.333342374871281e-34	0	0	0	0	0	0	0	0	0	0	0	0	0	0	1	0	1	1	0	0	0	0	0	1
791	3615	0.03441566998979106	0.03441566998979106	0.03907942930560797	0.9882895163487554	0.8505898002931425	0.08682694827348257	0.054094410058565176	1.0	0.5233950094061363	0.4811272358505413	0.5608314867293819	0.7596016173743511	0.00023126734505087883	0.00023126734505087883	0.0003469010175763182	0.9422987974098057	0.42700138824618233	0.02093937991670523	0.001156336725254394	1.0	0.01364477335800185	0.1623578076525336	0.21509824198552224	0.2122153209109731	0	0.0	0.0	0	0	0	0	0	0	0	0	0	0	0	0	0	0	0	0	0	0	0	0	0	0	0	0
792	3617	0.03441566998979106	0.03441566998979106	0.03907942930560797	0.9882895163487554	0.8505898002931425	0.08682694827348257	0.054094410058565176	1.0	0.5233950094061363	0.4811272358505413	0.5608314867293819	0.7596016173743511	0.00023126734505087883	0.00023126734505087883	0.0003469010175763182	0.9422987974098057	0.42700138824618233	0.02093937991670523	0.001156336725254394	1.0	0.01364477335800185	0.1623578076525336	0.21509824198552224	0.2122153209109731	181	47.75690607734806	0.004504289000343205	0	0	0	0	0	0	0	0	0	0	0	0	0	0	0	0	0	1	0	0	0	0	0	0
793	3620	0.03441566998979106	0.03441566998979106	0.03907942930560797	0.9882895163487554	0.8505898002931425	0.08682694827348257	0.054094410058565176	1.0	0.5233950094061363	0.4811272358505413	0.5608314867293819	0.7596016173743511	0.00023126734505087883	0.00023126734505087883	0.0003469010175763182	0.9422987974098057	0.42700138824618233	0.02093937991670523	0.001156336725254394	1.0	0.01364477335800185	0.1623578076525336	0.21509824198552224	0.2122153209109731	289	30.01388888888889	0.002480116545577138	0	0	0	0	0	0	0	0	0	0	0	0	0	0	1	0	0	1	0	0	0	0	0	0
794	3625	0.03441566998979106	0.03441566998979106	0.03907942930560797	0.9882895163487554	0.8505898002931425	0.08682694827348257	0.054094410058565176	1.0	0.5233950094061363	0.4811272358505413	0.5608314867293819	0.7596016173743511	0.00023126734505087883	0.00023126734505087883	0.0003469010175763182	0.9422987974098057	0.42700138824618233	0.02093937991670523	0.001156336725254394	1.0	0.01364477335800185	0.1623578076525336	0.21509824198552224	0.2122153209109731	4120	2.098567613498422	5.335154053001392e-09	0	0	0	0	0	0	0	0	0	0	0	0	0	0	1	0	1	1	0	0	0	0	0	0
795	3627	0.03441566998979106	0.03441566998979106	0.03907942930560797	0.9882895163487554	0.8505898002931425	0.08682694827348257	0.054094410058565176	1.0	0.5233950094061363	0.4811272358505413	0.5608314867293819	0.7596016173743511	0.00023126734505087883	0.00023126734505087883	0.0003469010175763182	0.9422987974098057	0.42700138824618233	0.02093937991670523	0.001156336725254394	1.0	0.01364477335800185	0.1623578076525336	0.21509824198552224	0.2122153209109731	4120	2.098567613498422	5.335154053001392e-09	0	0	0	0	0	0	0	0	0	0	0	0	0	0	1	0	1	1	0	0	0	0	0	0
796	3628	0.03441566998979106	0.03441566998979106	0.03907942930560797	0.9882895163487554	0.8505898002931425	0.08682694827348257	0.054094410058565176	1.0	0.5233950094061363	0.4811272358505413	0.5608314867293819	0.7596016173743511	0.00023126734505087883	0.00023126734505087883	0.0003469010175763182	0.9422987974098057	0.42700138824618233	0.02093937991670523	0.001156336725254394	1.0	0.01364477335800185	0.1623578076525336	0.21509824198552224	0.2122153209109731	4120	2.098567613498422	5.335154053001392e-09	0	0	0	0	0	0	0	0	0	0	0	0	0	0	1	0	1	1	0	0	0	0	0	0
797	3629	0.03441566998979106	0.03441566998979106	0.03907942930560797	0.9882895163487554	0.8505898002931425	0.08682694827348257	0.054094410058565176	1.0	0.5233950094061363	0.4811272358505413	0.5608314867293819	0.7596016173743511	0.00023126734505087883	0.00023126734505087883	0.0003469010175763182	0.9422987974098057	0.42700138824618233	0.02093937991670523	0.001156336725254394	1.0	0.01364477335800185	0.1623578076525336	0.21509824198552224	0.2122153209109731	0	0.0	0.0	0	0	0	0	0	0	0	0	0	0	0	0	0	0	0	0	0	0	0	0	0	0	0	0
798	3632	0.03441566998979106	0.03441566998979106	0.03907942930560797	0.9882895163487554	0.8505898002931425	0.08682694827348257	0.054094410058565176	1.0	0.5233950094061363	0.4811272358505413	0.5608314867293819	0.7596016173743511	0.00023126734505087883	0.00023126734505087883	0.0003469010175763182	0.9422987974098057	0.42700138824618233	0.02093937991670523	0.001156336725254394	1.0	0.01364477335800185	0.1623578076525336	0.21509824198552224	0.2122153209109731	181	47.75690607734806	0.004504289000343205	0	0	0	0	0	0	0	0	0	0	0	0	0	0	0	0	0	1	0	0	0	0	0	0
799	3634	0.03441566998979106	0.03441566998979106	0.03907942930560797	0.9882895163487554	0.8505898002931425	0.08682694827348257	0.054094410058565176	1.0	0.5233950094061363	0.4811272358505413	0.5608314867293819	0.7596016173743511	0.00023126734505087883	0.00023126734505087883	0.0003469010175763182	0.9422987974098057	0.42700138824618233	0.02093937991670523	0.001156336725254394	1.0	0.01364477335800185	0.1623578076525336	0.21509824198552224	0.2122153209109731	3871	2.23359173126615	1.499104462457747e-08	0	0	0	0	0	0	0	0	0	0	0	0	0	0	0	0	1	1	0	0	0	0	0	0
800	3635	0.03441566998979106	0.03441566998979106	0.03907942930560797	0.9882895163487554	0.8505898002931425	0.08682694827348257	0.054094410058565176	1.0	0.5233950094061363	0.4811272358505413	0.5608314867293819	0.7596016173743511	0.00023126734505087883	0.00023126734505087883	0.0003469010175763182	0.9422987974098057	0.42700138824618233	0.02093937991670523	0.001156336725254394	1.0	0.01364477335800185	0.1623578076525336	0.21509824198552224	0.2122153209109731	3871	2.23359173126615	1.499104462457747e-08	0	0	0	0	0	0	0	0	0	0	0	0	0	0	0	0	1	1	0	0	0	0	0	0
801	3642	0.03441566998979106	0.03441566998979106	0.03907942930560797	0.9882895163487554	0.8505898002931425	0.08682694827348257	0.054094410058565176	1.0	0.5233950094061363	0.4811272358505413	0.5608314867293819	0.7596016173743511	0.00023126734505087883	0.00023126734505087883	0.0003469010175763182	0.9422987974098057	0.42700138824618233	0.02093937991670523	0.001156336725254394	1.0	0.01364477335800185	0.1623578076525336	0.21509824198552224	0.2122153209109731	4120	2.098567613498422	5.335154053001599e-09	0	0	0	0	0	0	0	0	0	0	0	0	0	0	1	0	1	1	0	0	0	0	0	0
802	3647	0.0	0.0	0.0	0.0	0.0	0.0	0.0	0.0	0.0	0.0	0.0	0.0	0.0	0.0	0.0	0.0	0.0	0.0	0.0	0.0	0.0	0.0	0.0	0.0	0			0	0	0	0	0	0	0	0	0	0	0	0	0	0	0	0	0	1	0	0	0	0	0	0
803	3648	0.0	0.0	0.0	0.0	0.0	0.0	0.0	0.0	0.0	0.0	0.0	0.0	0.0	0.0	0.0	0.0	0.0	0.0	0.0	0.0	0.0	0.0	0.0	0.0	0			0	0	0	0	0	0	0	0	0	0	0	0	0	0	0	0	1	1	0	0	0	0	0	0
804	3656	0.0	0.0	0.0	0.0	0.0	0.0	0.0	0.0	0.0	0.0	0.0	0.0	0.0	0.0	0.0	0.0	0.0	0.0	0.0	0.0	0.0	0.0	0.0	0.0	0			0	0	0	0	0	0	0	0	0	0	0	0	0	0	0	0	1	1	0	0	0	0	0	0
805	3657	0.03441566998979106	0.03441566998979106	0.03907942930560797	0.9882895163487554	0.8505898002931425	0.08682694827348257	0.054094410058565176	1.0	0.5233950094061363	0.4811272358505413	0.5608314867293819	0.7596016173743511	0.00023126734505087883	0.00023126734505087883	0.0003469010175763182	0.9422987974098057	0.42700138824618233	0.02093937991670523	0.001156336725254394	1.0	0.01364477335800185	0.1623578076525336	0.21509824198552224	0.2122153209109731	3871	2.23359173126615	1.499104462457747e-08	0	0	0	0	0	0	0	0	0	0	0	0	0	0	0	0	1	1	0	0	0	0	0	0
806	3659	0.03441566998979106	0.03441566998979106	0.03907942930560797	0.9882895163487554	0.8505898002931425	0.08682694827348257	0.054094410058565176	1.0	0.5233950094061363	0.4811272358505413	0.5608314867293819	0.7596016173743511	0.00023126734505087883	0.00023126734505087883	0.0003469010175763182	0.9422987974098057	0.42700138824618233	0.02093937991670523	0.001156336725254394	1.0	0.01364477335800185	0.1623578076525336	0.21509824198552224	0.2122153209109731	4120	2.098567613498422	5.335154053001599e-09	0	0	0	0	0	0	0	0	0	0	0	0	0	0	1	0	1	1	0	0	0	0	0	0
807	3668	0.03441566998979106	0.03441566998979106	0.03907942930560797	0.9882895163487554	0.8505898002931425	0.08682694827348257	0.054094410058565176	1.0	0.5233950094061363	0.4811272358505413	0.5608314867293819	0.7596016173743511	0.00023126734505087883	0.00023126734505087883	0.0003469010175763182	0.9422987974098057	0.42700138824618233	0.02093937991670523	0.001156336725254394	1.0	0.01364477335800185	0.1623578076525336	0.21509824198552224	0.2122153209109731	157	6.159235668789809	0.0010685928516663648	0	0	0	0	0	0	0	0	0	0	0	0	0	0	0	0	0	0	0	0	0	1	0	0
808	3669	0.03441566998979106	0.03441566998979106	0.03907942930560797	0.9882895163487554	0.8505898002931425	0.08682694827348257	0.054094410058565176	1.0	0.5233950094061363	0.4811272358505413	0.5608314867293819	0.7596016173743511	0.00023126734505087883	0.00023126734505087883	0.0003469010175763182	0.9422987974098057	0.42700138824618233	0.02093937991670523	0.001156336725254394	1.0	0.01364477335800185	0.1623578076525336	0.21509824198552224	0.2122153209109731	157	6.159235668789809	0.0010685928516663648	0	0	0	0	0	0	0	0	0	0	0	0	0	0	0	0	0	0	0	0	0	1	0	0
809	3673	0.03441566998979106	0.03441566998979106	0.03907942930560797	0.9882895163487554	0.8505898002931425	0.08682694827348257	0.054094410058565176	1.0	0.5233950094061363	0.4811272358505413	0.5608314867293819	0.7596016173743511	0.00023126734505087883	0.00023126734505087883	0.0003469010175763182	0.9422987974098057	0.42700138824618233	0.02093937991670523	0.001156336725254394	1.0	0.01364477335800185	0.1623578076525336	0.21509824198552224	0.2122153209109731	181	47.75690607734806	0.004504289000343205	0	0	0	0	0	0	0	0	0	0	0	0	0	0	0	0	0	1	0	0	0	0	0	0
810	3674	0.03441566998979106	0.03441566998979106	0.03907942930560797	0.9882895163487554	0.8505898002931425	0.08682694827348257	0.054094410058565176	1.0	0.5233950094061363	0.4811272358505413	0.5608314867293819	0.7596016173743511	0.00023126734505087883	0.00023126734505087883	0.0003469010175763182	0.9422987974098057	0.42700138824618233	0.02093937991670523	0.001156336725254394	1.0	0.01364477335800185	0.1623578076525336	0.21509824198552224	0.2122153209109731	181	47.75690607734806	0.004504289000343205	0	0	0	0	0	0	0	0	0	0	0	0	0	0	0	0	0	1	0	0	0	0	0	0
811	3675	0.03491901156820125	0.03491901156820125	0.03524775559618359	0.9888068045001981	0.8532620188555892	0.08840839578006854	0.04918913642374551	1.0000000000000002	0.5245862338585093	0.5105078061426324	0.4901682044491776	0.7683598228871124	0.0002355435166647038	0.0002355435166647038	0.0003533152749970557	0.9461783064421152	0.43490043596088135	0.0213267350064805	0.001177717583323519	1.0	0.013897067483217524	0.1925925925925926	0.18024691358024691	0.2360939431396786	181	46.889502762430936	0.004486901534228896	0	0	0	0	0	0	0	0	0	0	0	0	0	0	0	0	0	1	0	0	0	0	0	0
812	3676	0.03491901156820125	0.03491901156820125	0.03524775559618359	0.9888068045001981	0.8532620188555892	0.08840839578006854	0.04918913642374551	1.0000000000000002	0.5245862338585093	0.5105078061426324	0.4901682044491776	0.7683598228871124	0.0002355435166647038	0.0002355435166647038	0.0003533152749970557	0.9461783064421152	0.43490043596088135	0.0213267350064805	0.001177717583323519	1.0	0.013897067483217524	0.1925925925925926	0.18024691358024691	0.2360939431396786	181	46.889502762430936	0.004486901534228896	0	0	0	0	0	0	0	0	0	0	0	0	0	0	0	0	0	1	0	0	0	0	0	0
813	3618	0.13520520029325336	0.124530115851107	0.004259260409299242	0.9720012003882974	0.13519705843923124	0.1246065776834009	0.07084261619905845	0.9999893119756565	0.26817262467474	0.7030296062494772	0.6908706160074507	0.9332159645993594	0.0003669724770642202	0.0002935779816513761	0.00044036697247706424	0.8275229357798165	0.0003669724770642202	0.0003669724770642202	0.0013944954128440367	0.9999266055045871	0.03823853211009174	0.28628230616302186	0.3283263382666961	0.5475699558173786	0	0.0	0.0	0	0	0	0	0	0	0	0	0	0	0	0	0	0	0	0	0	0	0	0	0	0	0	0
814	3619	0.13520520029325336	0.124530115851107	0.004259260409299242	0.9720012003882974	0.13519705843923124	0.1246065776834009	0.07084261619905845	0.9999893119756565	0.26817262467474	0.7030296062494772	0.6908706160074507	0.9332159645993594	0.0003669724770642202	0.0002935779816513761	0.00044036697247706424	0.8275229357798165	0.0003669724770642202	0.0003669724770642202	0.0013944954128440367	0.9999266055045871	0.03823853211009174	0.28628230616302186	0.3283263382666961	0.5475699558173786	5	2725.0	0.033615323154616614	0	0	0	0	0	0	0	0	0	0	0	0	0	0	0	0	0	1	0	0	0	0	0	0
815	3621	0.0	0.0	0.0	0.0	0.0	0.0	0.0	0.0	0.0	0.0	0.0	0.0	0.0	0.0	0.0	0.0	0.0	0.0	0.0	0.0	0.0	0.0	0.0	0.0	0			0	0	0	0	0	0	0	0	0	0	0	0	0	0	0	0	0	1	0	0	0	0	0	0
816	3623	0.13520520029325336	0.124530115851107	0.004259260409299242	0.9720012003882974	0.13519705843923124	0.1246065776834009	0.07084261619905845	0.9999893119756565	0.26817262467474	0.7030296062494772	0.6908706160074507	0.9332159645993594	0.0003669724770642202	0.0002935779816513761	0.00044036697247706424	0.8275229357798165	0.0003669724770642202	0.0003669724770642202	0.0013944954128440367	0.9999266055045871	0.03823853211009174	0.28628230616302186	0.3283263382666961	0.5475699558173786	13518	1.0079418095450159	1.2563186432062094e-10	0	0	0	0	0	0	0	0	0	0	0	0	0	0	0	0	0	1	0	0	0	0	0	1
817	3630	0.13520520029325336	0.124530115851107	0.004259260409299242	0.9720012003882974	0.13519705843923124	0.1246065776834009	0.07084261619905845	0.9999893119756565	0.26817262467474	0.7030296062494772	0.6908706160074507	0.9332159645993594	0.0003669724770642202	0.0002935779816513761	0.00044036697247706424	0.8275229357798165	0.0003669724770642202	0.0003669724770642202	0.0013944954128440367	0.9999266055045871	0.03823853211009174	0.28628230616302186	0.3283263382666961	0.5475699558173786	11	1238.6363636363637	0.007413116089930377	0	0	0	0	0	0	0	0	0	0	0	0	0	0	0	0	1	1	0	0	0	0	0	0
818	3633	0.13520520029325336	0.124530115851107	0.004259260409299242	0.9720012003882974	0.13519705843923124	0.1246065776834009	0.07084261619905845	0.9999893119756565	0.26817262467474	0.7030296062494772	0.6908706160074507	0.9332159645993594	0.0003669724770642202	0.0002935779816513761	0.00044036697247706424	0.8275229357798165	0.0003669724770642202	0.0003669724770642202	0.0013944954128440367	0.9999266055045871	0.03823853211009174	0.28628230616302186	0.3283263382666961	0.5475699558173786	13518	1.0079418095450159	1.256318643206225e-10	0	0	0	0	0	0	0	0	0	0	0	0	0	0	0	0	1	1	0	0	0	0	0	1
819	3639	0.13520520029325336	0.124530115851107	0.004259260409299242	0.9720012003882974	0.13519705843923124	0.1246065776834009	0.07084261619905845	0.9999893119756565	0.26817262467474	0.7030296062494772	0.6908706160074507	0.9332159645993594	0.0003669724770642202	0.0002935779816513761	0.00044036697247706424	0.8275229357798165	0.0003669724770642202	0.0003669724770642202	0.0013944954128440367	0.9999266055045871	0.03823853211009174	0.28628230616302186	0.3283263382666961	0.5475699558173786	5	2725.0	0.033615323154616614	0	0	0	0	0	0	0	0	0	0	0	0	0	0	0	0	0	1	0	0	0	0	0	0
820	3644	0.13520520029325336	0.124530115851107	0.004259260409299242	0.9720012003882974	0.13519705843923124	0.1246065776834009	0.07084261619905845	0.9999893119756565	0.26817262467474	0.7030296062494772	0.6908706160074507	0.9332159645993594	0.0003669724770642202	0.0002935779816513761	0.00044036697247706424	0.8275229357798165	0.0003669724770642202	0.0003669724770642202	0.0013944954128440367	0.9999266055045871	0.03823853211009174	0.28628230616302186	0.3283263382666961	0.5475699558173786	7436	1.8262506724045187	1.2626632925279426e-09	0	0	0	0	0	0	0	0	0	0	0	0	0	0	0	0	0	0	0	0	0	0	0	1
821	3655	0.13440864374468953	0.12435242252209446	0.0	0.9724205566612727	0.13440040473423878	0.12442932402749578	0.06651363375387548	0.9999892483354612	0.266637885263024	0.703134360176821	0.6909285378512373	0.9337189852397746	0.00029515938606847696	0.00029515938606847696	7.378984651711924e-05	0.8293978748524203	0.00029515938606847696	0.0003689492325855962	0.00044273907910271547	0.9999262101534829	0.03844451003541913	0.28689492325855964	0.3290289256198347	0.5487417902737806	7436	1.82235072619688	1.0489616105226322e-09	0	0	0	0	0	0	0	0	0	0	0	0	0	0	0	0	0	0	0	0	0	0	0	1
822	3636	0.03441566998979106	0.03441566998979106	0.03907942930560797	0.9882895163487554	0.8505898002931425	0.08682694827348257	0.054094410058565176	1.0	0.5233950094061363	0.4811272358505413	0.5608314867293819	0.7596016173743511	0.00023126734505087883	0.00023126734505087883	0.0003469010175763182	0.9422987974098057	0.42700138824618233	0.02093937991670523	0.001156336725254394	1.0	0.01364477335800185	0.1623578076525336	0.21509824198552224	0.2122153209109731	0	0.0	0.0	0	0	0	0	0	0	0	0	0	0	0	0	0	0	0	0	0	0	0	0	0	0	0	0
823	3637	0.03441566998979106	0.03441566998979106	0.03907942930560797	0.9882895163487554	0.8505898002931425	0.08682694827348257	0.054094410058565176	1.0	0.5233950094061363	0.4811272358505413	0.5608314867293819	0.7596016173743511	0.00023126734505087883	0.00023126734505087883	0.0003469010175763182	0.9422987974098057	0.42700138824618233	0.02093937991670523	0.001156336725254394	1.0	0.01364477335800185	0.1623578076525336	0.21509824198552224	0.2122153209109731	181	47.75690607734806	0.004504289000343205	0	0	0	0	0	0	0	0	0	0	0	0	0	0	0	0	0	1	0	0	0	0	0	0
824	3638	0.03441566998979106	0.03441566998979106	0.03907942930560797	0.9882895163487554	0.8505898002931425	0.08682694827348257	0.054094410058565176	1.0	0.5233950094061363	0.4811272358505413	0.5608314867293819	0.7596016173743511	0.00023126734505087883	0.00023126734505087883	0.0003469010175763182	0.9422987974098057	0.42700138824618233	0.02093937991670523	0.001156336725254394	1.0	0.01364477335800185	0.1623578076525336	0.21509824198552224	0.2122153209109731	3871	2.23359173126615	1.499104462457747e-08	0	0	0	0	0	0	0	0	0	0	0	0	0	0	0	0	1	1	0	0	0	0	0	0
825	3643	0.03441566998979106	0.03441566998979106	0.03907942930560797	0.9882895163487554	0.8505898002931425	0.08682694827348257	0.054094410058565176	1.0	0.5233950094061363	0.4811272358505413	0.5608314867293819	0.7596016173743511	0.00023126734505087883	0.00023126734505087883	0.0003469010175763182	0.9422987974098057	0.42700138824618233	0.02093937991670523	0.001156336725254394	1.0	0.01364477335800185	0.1623578076525336	0.21509824198552224	0.2122153209109731	8041	2.6908077994428967	4.0202524792333264e-07	0	0	0	0	0	0	0	0	0	0	0	0	0	0	0	0	1	1	0	0	0	0	0	1
826	3649	0.03441566998979106	0.03441566998979106	0.03907942930560797	0.9882895163487554	0.8505898002931425	0.08682694827348257	0.054094410058565176	1.0	0.5233950094061363	0.4811272358505413	0.5608314867293819	0.7596016173743511	0.00023126734505087883	0.00023126734505087883	0.0003469010175763182	0.9422987974098057	0.42700138824618233	0.02093937991670523	0.001156336725254394	1.0	0.01364477335800185	0.1623578076525336	0.21509824198552224	0.2122153209109731	3871	2.23359173126615	1.499104462457747e-08	0	0	0	0	0	0	0	0	0	0	0	0	0	0	0	0	1	1	0	0	0	0	0	0
827	3650	0.03441566998979106	0.03441566998979106	0.03907942930560797	0.9882895163487554	0.8505898002931425	0.08682694827348257	0.054094410058565176	1.0	0.5233950094061363	0.4811272358505413	0.5608314867293819	0.7596016173743511	0.00023126734505087883	0.00023126734505087883	0.0003469010175763182	0.9422987974098057	0.42700138824618233	0.02093937991670523	0.001156336725254394	1.0	0.01364477335800185	0.1623578076525336	0.21509824198552224	0.2122153209109731	3871	2.23359173126615	1.499104462457747e-08	0	0	0	0	0	0	0	0	0	0	0	0	0	0	0	0	1	1	0	0	0	0	0	0
828	3651	0.021722888398227846	0.021722888398227846	0.0	0.9962830794280566	0.8948894416995267	0.049743011093255116	0.00730725731928505	1.0	0.5307023657857721	-0.0	-0.0	-0.0	0.0002605184316790413	0.0002605184316790413	0.00013025921583952066	0.990491077243715	0.4807867656636707	0.023446658851113716	0.0006512960791976032	1.0	0.015240328253223915				3869	1.9842336521064874	5.702815412411928e-10	0	0	0	0	0	0	0	0	0	0	0	0	0	0	0	0	1	1	0	0	0	0	0	0
829	3661	0.03441566998979106	0.03441566998979106	0.03907942930560797	0.9882895163487554	0.8505898002931425	0.08682694827348257	0.054094410058565176	1.0	0.5233950094061363	0.4811272358505413	0.5608314867293819	0.7596016173743511	0.00023126734505087883	0.00023126734505087883	0.0003469010175763182	0.9422987974098057	0.42700138824618233	0.02093937991670523	0.001156336725254394	1.0	0.01364477335800185	0.1623578076525336	0.21509824198552224	0.2122153209109731	181	47.75690607734806	0.004504289000343205	0	0	0	0	0	0	0	0	0	0	0	0	0	0	0	0	0	1	0	0	0	0	0	0
830	3662	0.03441566998979106	0.03441566998979106	0.03907942930560797	0.9882895163487554	0.8505898002931425	0.08682694827348257	0.054094410058565176	1.0	0.5233950094061363	0.4811272358505413	0.5608314867293819	0.7596016173743511	0.00023126734505087883	0.00023126734505087883	0.0003469010175763182	0.9422987974098057	0.42700138824618233	0.02093937991670523	0.001156336725254394	1.0	0.01364477335800185	0.1623578076525336	0.21509824198552224	0.2122153209109731	3871	2.23359173126615	1.499104462457747e-08	0	0	0	0	0	0	0	0	0	0	0	0	0	0	0	0	1	1	0	0	0	0	0	0
831	3663	0.0	0.0	0.0	1.0000000000000002	0.0	0.8806583476274286	0.0	1.0000000000000002	0.7633976381849589	-0.0	-0.0	-0.0	0.0033783783783783786	0.0033783783783783786	0.0033783783783783786	1.0	0.0033783783783783786	0.5101351351351351	0.0033783783783783786	1.0	0.2972972972972973				151	1.9602649006622517	4.354937593403899e-07	0	0	0	0	0	0	0	0	0	0	0	0	0	0	0	0	1	1	0	0	0	0	0	0
832	3640	0.03441566998979106	0.03441566998979106	0.03907942930560797	0.9882895163487554	0.8505898002931425	0.08682694827348257	0.054094410058565176	1.0	0.5233950094061363	0.4811272358505413	0.5608314867293819	0.7596016173743511	0.00023126734505087883	0.00023126734505087883	0.0003469010175763182	0.9422987974098057	0.42700138824618233	0.02093937991670523	0.001156336725254394	1.0	0.01364477335800185	0.1623578076525336	0.21509824198552224	0.2122153209109731	0	0.0	0.0	0	0	0	0	0	0	0	0	0	0	0	0	0	0	0	0	0	0	0	0	0	0	0	0
833	3641	0.03441566998979106	0.03441566998979106	0.03907942930560797	0.9882895163487554	0.8505898002931425	0.08682694827348257	0.054094410058565176	1.0	0.5233950094061363	0.4811272358505413	0.5608314867293819	0.7596016173743511	0.00023126734505087883	0.00023126734505087883	0.0003469010175763182	0.9422987974098057	0.42700138824618233	0.02093937991670523	0.001156336725254394	1.0	0.01364477335800185	0.1623578076525336	0.21509824198552224	0.2122153209109731	181	47.75690607734806	0.004504289000343205	0	0	0	0	0	0	0	0	0	0	0	0	0	0	0	0	0	1	0	0	0	0	0	0
834	3645	0.03441566998979106	0.03441566998979106	0.03907942930560797	0.9882895163487554	0.8505898002931425	0.08682694827348257	0.054094410058565176	1.0	0.5233950094061363	0.4811272358505413	0.5608314867293819	0.7596016173743511	0.00023126734505087883	0.00023126734505087883	0.0003469010175763182	0.9422987974098057	0.42700138824618233	0.02093937991670523	0.001156336725254394	1.0	0.01364477335800185	0.1623578076525336	0.21509824198552224	0.2122153209109731	181	47.75690607734806	0.004504289000343205	0	0	0	0	0	0	0	0	0	0	0	0	0	0	0	0	0	1	0	0	0	0	0	0
835	3646	0.03441566998979106	0.03441566998979106	0.03907942930560797	0.9882895163487554	0.8505898002931425	0.08682694827348257	0.054094410058565176	1.0	0.5233950094061363	0.4811272358505413	0.5608314867293819	0.7596016173743511	0.00023126734505087883	0.00023126734505087883	0.0003469010175763182	0.9422987974098057	0.42700138824618233	0.02093937991670523	0.001156336725254394	1.0	0.01364477335800185	0.1623578076525336	0.21509824198552224	0.2122153209109731	181	47.75690607734806	0.004504289000343205	0	0	0	0	0	0	0	0	0	0	0	0	0	0	0	0	0	1	0	0	0	0	0	0
836	3652	0.0	0.0	0.0	0.0	0.0	0.0	0.0	0.0	0.0	0.0	0.0	0.0	0.0	0.0	0.0	0.0	0.0	0.0	0.0	0.0	0.0	0.0	0.0	0.0	0	0.0	0.0	0	0	0	0	0	0	0	0	0	0	0	0	0	0	0	0	0	0	0	0	0	0	0	0
837	3653	0.03441566998979106	0.03441566998979106	0.03907942930560797	0.9882895163487554	0.8505898002931425	0.08682694827348257	0.054094410058565176	1.0	0.5233950094061363	0.4811272358505413	0.5608314867293819	0.7596016173743511	0.00023126734505087883	0.00023126734505087883	0.0003469010175763182	0.9422987974098057	0.42700138824618233	0.02093937991670523	0.001156336725254394	1.0	0.01364477335800185	0.1623578076525336	0.21509824198552224	0.2122153209109731	181	47.75690607734806	0.004504289000343205	0	0	0	0	0	0	0	0	0	0	0	0	0	0	0	0	0	1	0	0	0	0	0	0
838	3654	0.03441566998979106	0.03441566998979106	0.03907942930560797	0.9882895163487554	0.8505898002931425	0.08682694827348257	0.054094410058565176	1.0	0.5233950094061363	0.4811272358505413	0.5608314867293819	0.7596016173743511	0.00023126734505087883	0.00023126734505087883	0.0003469010175763182	0.9422987974098057	0.42700138824618233	0.02093937991670523	0.001156336725254394	1.0	0.01364477335800185	0.1623578076525336	0.21509824198552224	0.2122153209109731	3871	2.23359173126615	1.499104462457747e-08	0	0	0	0	0	0	0	0	0	0	0	0	0	0	0	0	1	1	0	0	0	0	0	0
839	3658	0.03441566998979106	0.03441566998979106	0.03907942930560797	0.9882895163487554	0.8505898002931425	0.08682694827348257	0.054094410058565176	1.0	0.5233950094061363	0.4811272358505413	0.5608314867293819	0.7596016173743511	0.00023126734505087883	0.00023126734505087883	0.0003469010175763182	0.9422987974098057	0.42700138824618233	0.02093937991670523	0.001156336725254394	1.0	0.01364477335800185	0.1623578076525336	0.21509824198552224	0.2122153209109731	3871	2.23359173126615	1.499104462457747e-08	0	0	0	0	0	0	0	0	0	0	0	0	0	0	0	0	1	1	0	0	0	0	0	0
840	3660	0.0	0.0	0.0	0.0	0.0	0.0	0.0	0.0	0.0	0.0	0.0	0.0	0.0	0.0	0.0	0.0	0.0	0.0	0.0	0.0	0.0	0.0	0.0	0.0	0			0	0	0	0	0	0	0	0	0	0	0	0	0	0	0	0	1	1	0	0	0	0	0	0
841	3664	0.0	0.0	0.0	0.0	0.0	0.0	0.0	0.0	0.0	0.0	0.0	0.0	0.0	0.0	0.0	0.0	0.0	0.0	0.0	0.0	0.0	0.0	0.0	0.0	0			0	0	0	0	0	0	0	0	0	0	0	0	0	0	0	0	1	1	0	0	0	0	0	0
842	3665	0.0	0.0	0.0	0.8250522372428403	0.0	0.7541948066791181	0.010238019425431285	1.0	0.7159903549353367	0.8250522372428403	0.10142158981421955	0.8250522372428403	0.002277904328018223	0.002277904328018223	0.002277904328018223	0.35079726651480636	0.002277904328018223	0.24145785876993167	0.004555808656036446	1.0	0.21867881548974943	0.35079726651480636	0.004555808656036446	0.35079726651480636	106	4.1415094339622645	1.2868214050880183e-05	0	0	0	0	0	0	0	0	0	0	0	0	0	0	0	0	1	1	0	0	0	0	0	0
843	3670	0.03441566998979106	0.03441566998979106	0.03907942930560797	0.9882895163487554	0.8505898002931425	0.08682694827348257	0.054094410058565176	1.0	0.5233950094061363	0.4811272358505413	0.5608314867293819	0.7596016173743511	0.00023126734505087883	0.00023126734505087883	0.0003469010175763182	0.9422987974098057	0.42700138824618233	0.02093937991670523	0.001156336725254394	1.0	0.01364477335800185	0.1623578076525336	0.21509824198552224	0.2122153209109731	0	0.0	0.0	0	0	0	0	0	0	0	0	0	0	0	0	0	0	0	0	0	0	0	0	0	0	0	0
844	3671	0.03441566998979106	0.03441566998979106	0.03907942930560797	0.9882895163487554	0.8505898002931425	0.08682694827348257	0.054094410058565176	1.0	0.5233950094061363	0.4811272358505413	0.5608314867293819	0.7596016173743511	0.00023126734505087883	0.00023126734505087883	0.0003469010175763182	0.9422987974098057	0.42700138824618233	0.02093937991670523	0.001156336725254394	1.0	0.01364477335800185	0.1623578076525336	0.21509824198552224	0.2122153209109731	181	47.75690607734806	0.004504289000343205	0	0	0	0	0	0	0	0	0	0	0	0	0	0	0	0	0	1	0	0	0	0	0	0
845	3672	0.03441566998979106	0.03441566998979106	0.03907942930560797	0.9882895163487554	0.8505898002931425	0.08682694827348257	0.054094410058565176	1.0	0.5233950094061363	0.4811272358505413	0.5608314867293819	0.7596016173743511	0.00023126734505087883	0.00023126734505087883	0.0003469010175763182	0.9422987974098057	0.42700138824618233	0.02093937991670523	0.001156336725254394	1.0	0.01364477335800185	0.1623578076525336	0.21509824198552224	0.2122153209109731	3871	2.23359173126615	1.499104462457747e-08	0	0	0	0	0	0	0	0	0	0	0	0	0	0	0	0	1	1	0	0	0	0	0	0
846	3677	0.03441566998979106	0.03441566998979106	0.03907942930560797	0.9882895163487554	0.8505898002931425	0.08682694827348257	0.054094410058565176	1.0	0.5233950094061363	0.4811272358505413	0.5608314867293819	0.7596016173743511	0.00023126734505087883	0.00023126734505087883	0.0003469010175763182	0.9422987974098057	0.42700138824618233	0.02093937991670523	0.001156336725254394	1.0	0.01364477335800185	0.1623578076525336	0.21509824198552224	0.2122153209109731	4120	2.098567613498422	5.335154053001599e-09	0	0	0	0	0	0	0	0	0	0	0	0	0	0	1	0	1	1	0	0	0	0	0	0
847	3678	0.021722888398227846	0.021722888398227846	0.0	0.9962830794280566	0.8948894416995267	0.049743011093255116	0.00730725731928505	1.0	0.5307023657857721	-0.0	-0.0	-0.0	0.0002605184316790413	0.0002605184316790413	0.00013025921583952066	0.990491077243715	0.4807867656636707	0.023446658851113716	0.0006512960791976032	1.0	0.015240328253223915				3869	1.9842336521064874	5.702815412411928e-10	0	0	0	0	0	0	0	0	0	0	0	0	0	0	1	0	1	1	0	0	0	0	0	0
848	3679	0.10021615688476794	0.10021615688476794	0.0	0.9007127564510853	0.4854785599041388	0.4043665815397928	0.10116426644115113	1.0000000000000002	0.6437197312171351	0.4811272358505413	0.5608314867293819	0.7596016173743511	0.002068252326783868	0.002068252326783868	0.001034126163391934	0.56153050672182	0.14891416752843847	0.11168562564632885	0.0031023784901758012	1.0	0.10754912099276112	0.1623578076525336	0.21509824198552224	0.2122153209109731	250	3.868	2.903013509943967e-06	0	0	0	0	0	0	0	0	0	0	0	0	0	0	1	0	1	1	0	0	0	0	0	0
849	3688	0.13520520029325336	0.124530115851107	0.004259260409299242	0.9720012003882974	0.13519705843923124	0.1246065776834009	0.07084261619905845	0.9999893119756565	0.26817262467474	0.7030296062494772	0.6908706160074507	0.9332159645993594	0.0003669724770642202	0.0002935779816513761	0.00044036697247706424	0.8275229357798165	0.0003669724770642202	0.0003669724770642202	0.0013944954128440367	0.9999266055045871	0.03823853211009174	0.28628230616302186	0.3283263382666961	0.5475699558173786	0	0.0	0.0	0	0	0	0	0	0	0	0	0	0	0	0	0	0	0	0	0	0	0	0	0	0	0	0
850	3689	0.13520520029325336	0.124530115851107	0.004259260409299242	0.9720012003882974	0.13519705843923124	0.1246065776834009	0.07084261619905845	0.9999893119756565	0.26817262467474	0.7030296062494772	0.6908706160074507	0.9332159645993594	0.0003669724770642202	0.0002935779816513761	0.00044036697247706424	0.8275229357798165	0.0003669724770642202	0.0003669724770642202	0.0013944954128440367	0.9999266055045871	0.03823853211009174	0.28628230616302186	0.3283263382666961	0.5475699558173786	5	2725.0	0.033615323154616614	0	0	0	0	0	0	0	0	0	0	0	0	0	0	0	0	0	1	0	0	0	0	0	0
851	3690	0.13520520029325336	0.124530115851107	0.004259260409299242	0.9720012003882974	0.13519705843923124	0.1246065776834009	0.07084261619905845	0.9999893119756565	0.26817262467474	0.7030296062494772	0.6908706160074507	0.9332159645993594	0.0003669724770642202	0.0002935779816513761	0.00044036697247706424	0.8275229357798165	0.0003669724770642202	0.0003669724770642202	0.0013944954128440367	0.9999266055045871	0.03823853211009174	0.28628230616302186	0.3283263382666961	0.5475699558173786	5	2725.0	0.033615323154616614	0	0	0	0	0	0	0	0	0	0	0	0	0	0	0	0	0	1	0	0	0	0	0	0
852	3691	0.13520520029325336	0.124530115851107	0.004259260409299242	0.9720012003882974	0.13519705843923124	0.1246065776834009	0.07084261619905845	0.9999893119756565	0.26817262467474	0.7030296062494772	0.6908706160074507	0.9332159645993594	0.0003669724770642202	0.0002935779816513761	0.00044036697247706424	0.8275229357798165	0.0003669724770642202	0.0003669724770642202	0.0013944954128440367	0.9999266055045871	0.03823853211009174	0.28628230616302186	0.3283263382666961	0.5475699558173786	11	1238.6363636363637	0.007413116089930377	0	0	0	0	0	0	0	0	0	0	0	0	0	0	0	0	1	1	0	0	0	0	0	0
853	3692	0.13520520029325336	0.124530115851107	0.004259260409299242	0.9720012003882974	0.13519705843923124	0.1246065776834009	0.07084261619905845	0.9999893119756565	0.26817262467474	0.7030296062494772	0.6908706160074507	0.9332159645993594	0.0003669724770642202	0.0002935779816513761	0.00044036697247706424	0.8275229357798165	0.0003669724770642202	0.0003669724770642202	0.0013944954128440367	0.9999266055045871	0.03823853211009174	0.28628230616302186	0.3283263382666961	0.5475699558173786	5	2725.0	0.033615323154616614	0	0	0	0	0	0	0	0	0	0	0	0	0	0	0	0	0	1	0	0	0	0	0	0
854	3693	0.13520520029325336	0.124530115851107	0.004259260409299242	0.9720012003882974	0.13519705843923124	0.1246065776834009	0.07084261619905845	0.9999893119756565	0.26817262467474	0.7030296062494772	0.6908706160074507	0.9332159645993594	0.0003669724770642202	0.0002935779816513761	0.00044036697247706424	0.8275229357798165	0.0003669724770642202	0.0003669724770642202	0.0013944954128440367	0.9999266055045871	0.03823853211009174	0.28628230616302186	0.3283263382666961	0.5475699558173786	5	2725.0	0.033615323154616614	0	0	0	0	0	0	0	0	0	0	0	0	0	0	0	0	0	1	0	0	0	0	0	0
855	3694	0.13520520029325336	0.124530115851107	0.004259260409299242	0.9720012003882974	0.13519705843923124	0.1246065776834009	0.07084261619905845	0.9999893119756565	0.26817262467474	0.7030296062494772	0.6908706160074507	0.9332159645993594	0.0003669724770642202	0.0002935779816513761	0.00044036697247706424	0.8275229357798165	0.0003669724770642202	0.0003669724770642202	0.0013944954128440367	0.9999266055045871	0.03823853211009174	0.28628230616302186	0.3283263382666961	0.5475699558173786	26	524.0384615384615	0.005127149247792085	0	0	0	0	0	0	0	0	0	0	0	0	0	0	1	0	1	1	0	0	0	0	0	0
856	3695	0.20843312473476686	0.0	0.0	1.0	0.20843312473476686	0.0	0.2046585550243342	1.0	0.5050015301587245	0.9844214875661369	0.20843312473476686	1.0	0.07407407407407407	0.037037037037037035	0.037037037037037035	1.0	0.07407407407407407	0.037037037037037035	0.14814814814814814	1.0	0.25925925925925924	0.9629629629629629	0.07407407407407407	1.0	2	13.5	0.0030864197530864226	0	0	0	0	0	0	0	0	0	0	0	0	0	0	1	0	1	1	0	0	0	0	0	0
857	3696	0.11955602940308706	0.0	0.001824063137395815	0.9848201415475099	0.11955602940308706	0.0	0.08102392522181152	1.0000000000000002	0.2846836696236597	0.7724296235225633	0.5660928924192601	0.9993621116762358	0.0004020908725371934	0.00013403029084573114	0.0005361211633829246	0.9056426752446053	0.0004020908725371934	0.00013403029084573114	0.0013403029084573114	1.0	0.06956172094893445	0.13424620754463687	0.4632836622365418	0.9965095986038395	10	746.1	0.025481040749789262	0	0	0	0	0	0	0	0	0	0	0	0	0	0	1	0	1	1	0	0	0	0	0	0
858	3697	0.11955602940308706	0.0	0.001824063137395815	0.9848201415475099	0.11955602940308706	0.0	0.08102392522181152	1.0000000000000002	0.2846836696236597	0.7724296235225633	0.5660928924192601	0.9993621116762358	0.0004020908725371934	0.00013403029084573114	0.0005361211633829246	0.9056426752446053	0.0004020908725371934	0.00013403029084573114	0.0013403029084573114	1.0	0.06956172094893445	0.13424620754463687	0.4632836622365418	0.9965095986038395	3014	2.4813457694870085	2.3673926386594377e-08	0	0	0	0	0	0	0	0	0	0	0	0	0	0	1	0	1	1	0	0	0	1	0	0
859	3698	0.03441566998979106	0.03441566998979106	0.03907942930560797	0.9882895163487554	0.8505898002931425	0.08682694827348257	0.054094410058565176	1.0	0.5233950094061363	0.4811272358505413	0.5608314867293819	0.7596016173743511	0.00023126734505087883	0.00023126734505087883	0.0003469010175763182	0.9422987974098057	0.42700138824618233	0.02093937991670523	0.001156336725254394	1.0	0.01364477335800185	0.1623578076525336	0.21509824198552224	0.2122153209109731	0	0.0	0.0	0	0	0	0	0	0	0	0	0	0	0	0	0	0	0	0	0	0	0	0	0	0	0	0
860	3699	0.03441566998979106	0.03441566998979106	0.03907942930560797	0.9882895163487554	0.8505898002931425	0.08682694827348257	0.054094410058565176	1.0	0.5233950094061363	0.4811272358505413	0.5608314867293819	0.7596016173743511	0.00023126734505087883	0.00023126734505087883	0.0003469010175763182	0.9422987974098057	0.42700138824618233	0.02093937991670523	0.001156336725254394	1.0	0.01364477335800185	0.1623578076525336	0.21509824198552224	0.2122153209109731	181	47.75690607734806	0.004504289000343205	0	0	0	0	0	0	0	0	0	0	0	0	0	0	0	0	0	1	0	0	0	0	0	0
861	3700	0.03441566998979106	0.03441566998979106	0.03907942930560797	0.9882895163487554	0.8505898002931425	0.08682694827348257	0.054094410058565176	1.0	0.5233950094061363	0.4811272358505413	0.5608314867293819	0.7596016173743511	0.00023126734505087883	0.00023126734505087883	0.0003469010175763182	0.9422987974098057	0.42700138824618233	0.02093937991670523	0.001156336725254394	1.0	0.01364477335800185	0.1623578076525336	0.21509824198552224	0.2122153209109731	3871	2.23359173126615	1.499104462457747e-08	0	0	0	0	0	0	0	0	0	0	0	0	0	0	0	0	1	1	0	0	0	0	0	0
862	3701	0.03441566998979106	0.03441566998979106	0.03907942930560797	0.9882895163487554	0.8505898002931425	0.08682694827348257	0.054094410058565176	1.0	0.5233950094061363	0.4811272358505413	0.5608314867293819	0.7596016173743511	0.00023126734505087883	0.00023126734505087883	0.0003469010175763182	0.9422987974098057	0.42700138824618233	0.02093937991670523	0.001156336725254394	1.0	0.01364477335800185	0.1623578076525336	0.21509824198552224	0.2122153209109731	3871	2.23359173126615	1.499104462457747e-08	0	0	0	0	0	0	0	0	0	0	0	0	0	0	0	0	1	1	0	0	0	0	0	0
863	3702	0.03441566998979106	0.03441566998979106	0.03907942930560797	0.9882895163487554	0.8505898002931425	0.08682694827348257	0.054094410058565176	1.0	0.5233950094061363	0.4811272358505413	0.5608314867293819	0.7596016173743511	0.00023126734505087883	0.00023126734505087883	0.0003469010175763182	0.9422987974098057	0.42700138824618233	0.02093937991670523	0.001156336725254394	1.0	0.01364477335800185	0.1623578076525336	0.21509824198552224	0.2122153209109731	2	4324.0	0.16473385856621947	0	0	0	0	0	0	0	0	0	0	0	0	0	1	0	0	0	0	0	0	0	0	0	0
864	3703	0.03441566998979106	0.03441566998979106	0.03907942930560797	0.9882895163487554	0.8505898002931425	0.08682694827348257	0.054094410058565176	1.0	0.5233950094061363	0.4811272358505413	0.5608314867293819	0.7596016173743511	0.00023126734505087883	0.00023126734505087883	0.0003469010175763182	0.9422987974098057	0.42700138824618233	0.02093937991670523	0.001156336725254394	1.0	0.01364477335800185	0.1623578076525336	0.21509824198552224	0.2122153209109731	3694	2.3412784398699893	2.38555874696426e-06	0	0	0	0	0	0	0	0	0	0	0	0	0	1	0	0	1	0	0	0	0	0	0	0
865	3704	0.03441566998979106	0.03441566998979106	0.03907942930560797	0.9882895163487554	0.8505898002931425	0.08682694827348257	0.054094410058565176	1.0	0.5233950094061363	0.4811272358505413	0.5608314867293819	0.7596016173743511	0.00023126734505087883	0.00023126734505087883	0.0003469010175763182	0.9422987974098057	0.42700138824618233	0.02093937991670523	0.001156336725254394	1.0	0.01364477335800185	0.1623578076525336	0.21509824198552224	0.2122153209109731	181	47.75690607734806	0.004504289000343205	0	0	0	0	0	0	0	0	0	0	0	0	0	0	0	0	0	1	0	0	0	0	0	0
866	3705	0.03441566998979106	0.03441566998979106	0.03907942930560797	0.9882895163487554	0.8505898002931425	0.08682694827348257	0.054094410058565176	1.0	0.5233950094061363	0.4811272358505413	0.5608314867293819	0.7596016173743511	0.00023126734505087883	0.00023126734505087883	0.0003469010175763182	0.9422987974098057	0.42700138824618233	0.02093937991670523	0.001156336725254394	1.0	0.01364477335800185	0.1623578076525336	0.21509824198552224	0.2122153209109731	3871	2.23359173126615	1.499104462457747e-08	0	0	0	0	0	0	0	0	0	0	0	0	0	0	0	0	1	1	0	0	0	0	0	0
867	3706	0.0	0.0	0.0	0.0	0.0	0.0	0.0	0.0	0.0	0.0	0.0	0.0	0.0	0.0	0.0	0.0	0.0	0.0	0.0	0.0	0.0	0.0	0.0	0.0	0			0	0	0	0	0	0	0	0	0	0	0	0	0	0	0	0	1	1	0	0	0	0	0	0
868	3707	0.1001610900518347	0.1001610900518347	0.0038868755438317263	0.9007659783591591	0.4854785599041388	0.4043665815397928	0.10498906590795455	0.9999999999999998	0.6435393692602089	0.4811272358505413	0.5608314867293819	0.7596016173743511	0.0020597322348094747	0.0020597322348094747	0.0020597322348094747	0.5612770339855818	0.14891416752843847	0.11168562564632885	0.005149330587023687	1.0	0.10710607621009269	0.1623578076525336	0.21509824198552224	0.2122153209109731	108	8.953703703703704	0.00268495702823889	0	0	0	0	0	0	0	0	0	0	0	0	0	0	0	0	0	1	0	0	0	0	0	0
869	3708	0.0	0.0	0.0	0.0	0.0	0.0	0.0	0.0	0.0	0.0	0.0	0.0	0.0	0.0	0.0	0.0	0.0	0.0	0.0	0.0	0.0	0.0	0.0	0.0	0			0	0	0	0	0	0	0	0	0	0	0	0	0	0	0	0	0	1	0	0	0	0	0	0
870	3709	0.07808867267273448	0.07808867267273448	0.0056379823837596505	0.922060548005514	0.6726199677166457	0.20011392919341842	0.08425254618418775	0.9999999999999998	0.6763769561298729	0.2746347145561255	0.7257415510623834	0.8024646966881027	0.0029985007496251873	0.0029985007496251873	0.0029985007496251873	0.6581709145427287	0.2171945701357466	0.07541478129713423	0.0074962518740629685	1.0	0.15592203898050974	0.07692307692307693	0.31221719457013575	0.30966767371601206	50	13.26	0.012254350056532606	0	0	0	0	0	0	0	0	0	0	0	0	0	0	0	0	0	1	0	0	0	0	0	0
871	3710	0.09761397909348074	0.09761397909348074	0.0045082934011238095	0.907524753266441	0.5554850435133392	0.3515579966871691	0.10319027806129652	1.0	0.6598935374089976	0.40893641452398105	0.5965315573235411	0.7734071202845989	0.0023923444976076554	0.0023923444976076554	0.0023923444976076554	0.5944976076555024	0.17307692307692307	0.12980769230769232	0.005980861244019139	1.0	0.12440191387559808	0.1310096153846154	0.24879807692307693	0.246690734055355	108	7.703703703703703	0.0036411425818504814	0	0	0	0	0	0	0	0	0	0	0	0	0	0	0	0	0	1	0	0	0	0	0	0
872	3711	0.09761397909348074	0.09761397909348074	0.0045082934011238095	0.907524753266441	0.5554850435133392	0.3515579966871691	0.10319027806129652	1.0	0.6598935374089976	0.40893641452398105	0.5965315573235411	0.7734071202845989	0.0023923444976076554	0.0023923444976076554	0.0023923444976076554	0.5944976076555024	0.17307692307692307	0.12980769230769232	0.005980861244019139	1.0	0.12440191387559808	0.1310096153846154	0.24879807692307693	0.246690734055355	113	7.63302752293578	0.00206873854245989	0	0	0	0	0	0	0	0	0	0	0	0	0	0	0	0	0	1	0	0	0	1	0	0
873	3716	0.03441566998979106	0.03441566998979106	0.03907942930560797	0.9882895163487554	0.8505898002931425	0.08682694827348257	0.054094410058565176	1.0	0.5233950094061363	0.4811272358505413	0.5608314867293819	0.7596016173743511	0.00023126734505087883	0.00023126734505087883	0.0003469010175763182	0.9422987974098057	0.42700138824618233	0.02093937991670523	0.001156336725254394	1.0	0.01364477335800185	0.1623578076525336	0.21509824198552224	0.2122153209109731	0	0.0	0.0	0	0	0	0	0	0	0	0	0	0	0	0	0	0	0	0	0	0	0	0	0	0	0	0
874	3717	0.03441566998979106	0.03441566998979106	0.03907942930560797	0.9882895163487554	0.8505898002931425	0.08682694827348257	0.054094410058565176	1.0	0.5233950094061363	0.4811272358505413	0.5608314867293819	0.7596016173743511	0.00023126734505087883	0.00023126734505087883	0.0003469010175763182	0.9422987974098057	0.42700138824618233	0.02093937991670523	0.001156336725254394	1.0	0.01364477335800185	0.1623578076525336	0.21509824198552224	0.2122153209109731	3	2882.6666666666665	0.15573878839491948	0	0	0	0	0	0	0	0	0	0	0	0	0	0	1	0	0	0	0	0	0	0	0	0
875	3718	0.03441566998979106	0.03441566998979106	0.03907942930560797	0.9882895163487554	0.8505898002931425	0.08682694827348257	0.054094410058565176	1.0	0.5233950094061363	0.4811272358505413	0.5608314867293819	0.7596016173743511	0.00023126734505087883	0.00023126734505087883	0.0003469010175763182	0.9422987974098057	0.42700138824618233	0.02093937991670523	0.001156336725254394	1.0	0.01364477335800185	0.1623578076525336	0.21509824198552224	0.2122153209109731	205	4.712195121951219	3.9625273341749775e-06	0	0	0	0	0	0	0	0	0	0	0	0	0	0	0	0	0	0	0	0	0	0	0	1
876	3719	0.03441566998979106	0.03441566998979106	0.03907942930560797	0.9882895163487554	0.8505898002931425	0.08682694827348257	0.054094410058565176	1.0	0.5233950094061363	0.4811272358505413	0.5608314867293819	0.7596016173743511	0.00023126734505087883	0.00023126734505087883	0.0003469010175763182	0.9422987974098057	0.42700138824618233	0.02093937991670523	0.001156336725254394	1.0	0.01364477335800185	0.1623578076525336	0.21509824198552224	0.2122153209109731	205	4.712195121951219	3.9625273341749775e-06	0	0	0	0	0	0	0	0	0	0	0	0	0	0	0	0	0	0	0	0	0	0	0	1
877	3720	0.03441566998979106	0.03441566998979106	0.03907942930560797	0.9882895163487554	0.8505898002931425	0.08682694827348257	0.054094410058565176	1.0	0.5233950094061363	0.4811272358505413	0.5608314867293819	0.7596016173743511	0.00023126734505087883	0.00023126734505087883	0.0003469010175763182	0.9422987974098057	0.42700138824618233	0.02093937991670523	0.001156336725254394	1.0	0.01364477335800185	0.1623578076525336	0.21509824198552224	0.2122153209109731	205	4.712195121951219	3.9625273341749775e-06	0	0	0	0	0	0	0	0	0	0	0	0	0	0	0	0	0	0	0	0	0	0	0	1
878	3721	0.03441566998979106	0.03441566998979106	0.03907942930560797	0.9882895163487554	0.8505898002931425	0.08682694827348257	0.054094410058565176	1.0	0.5233950094061363	0.4811272358505413	0.5608314867293819	0.7596016173743511	0.00023126734505087883	0.00023126734505087883	0.0003469010175763182	0.9422987974098057	0.42700138824618233	0.02093937991670523	0.001156336725254394	1.0	0.01364477335800185	0.1623578076525336	0.21509824198552224	0.2122153209109731	8041	2.6908077994428967	4.0202524792333444e-07	0	0	0	0	0	0	0	0	0	0	0	0	0	0	0	0	0	1	0	0	0	0	0	1
879	3722	0.03441566998979106	0.03441566998979106	0.03907942930560797	0.9882895163487554	0.8505898002931425	0.08682694827348257	0.054094410058565176	1.0	0.5233950094061363	0.4811272358505413	0.5608314867293819	0.7596016173743511	0.00023126734505087883	0.00023126734505087883	0.0003469010175763182	0.9422987974098057	0.42700138824618233	0.02093937991670523	0.001156336725254394	1.0	0.01364477335800185	0.1623578076525336	0.21509824198552224	0.2122153209109731	8041	2.6908077994428967	4.0202524792333444e-07	0	0	0	0	0	0	0	0	0	0	0	0	0	0	0	0	1	1	0	0	0	0	0	1
880	3723	0.1001610900518347	0.1001610900518347	0.0038868755438317263	0.9007659783591591	0.4854785599041388	0.4043665815397928	0.10498906590795455	0.9999999999999998	0.6435393692602089	0.4811272358505413	0.5608314867293819	0.7596016173743511	0.0020597322348094747	0.0020597322348094747	0.0020597322348094747	0.5612770339855818	0.14891416752843847	0.11168562564632885	0.005149330587023687	1.0	0.10710607621009269	0.1623578076525336	0.21509824198552224	0.2122153209109731	364	2.6908077994428967	4.0202524792333444e-07	0	0	0	0	0	0	0	0	0	0	0	0	0	0	0	0	1	1	0	0	0	0	0	1
881	3724	0.10024380026055346	0.10024380026055346	0.0	0.9005950128102872	0.4859355928933598	0.40366022647580285	0.10009834711490542	1.0000000000000002	0.643297222398364	0.4805119103950438	0.560310681660896	0.7596016173743511	0.002070393374741201	0.002070393374741201	0.0010351966873706005	0.5610766045548654	0.14906832298136646	0.11076604554865424	0.002070393374741201	1.0	0.10662525879917184	0.16149068322981366	0.21428571428571427	0.2122153209109731	0	0.0	0.0	0	0	0	0	0	0	0	0	0	0	0	0	0	0	0	0	0	0	0	0	0	0	0	0
882	3725	0.10024380026055346	0.10024380026055346	0.0	0.9005950128102872	0.4859355928933598	0.40366022647580285	0.10009834711490542	1.0000000000000002	0.643297222398364	0.4805119103950438	0.560310681660896	0.7596016173743511	0.002070393374741201	0.002070393374741201	0.0010351966873706005	0.5610766045548654	0.14906832298136646	0.11076604554865424	0.002070393374741201	1.0	0.10662525879917184	0.16149068322981366	0.21428571428571427	0.2122153209109731	0	0.0	0.0	0	0	0	0	0	0	0	0	0	0	0	0	0	0	0	0	0	0	0	0	0	0	0	0
883	3726	0.10024380026055346	0.10024380026055346	0.0	0.9005950128102872	0.4859355928933598	0.40366022647580285	0.10009834711490542	1.0000000000000002	0.643297222398364	0.4805119103950438	0.560310681660896	0.7596016173743511	0.002070393374741201	0.002070393374741201	0.0010351966873706005	0.5610766045548654	0.14906832298136646	0.11076604554865424	0.002070393374741201	1.0	0.10662525879917184	0.16149068322981366	0.21428571428571427	0.2122153209109731	205	4.712195121951219	3.9625273341749775e-06	0	0	0	0	0	0	0	0	0	0	0	0	0	0	0	0	0	0	0	0	0	0	0	1
884	3727	0.0	0.0	0.0	0.0	0.0	0.0	0.0	0.0	0.0	0.0	0.0	0.0	0.0	0.0	0.0	0.0	0.0	0.0	0.0	0.0	0.0	0.0	0.0	0.0	0			0	0	0	0	0	0	0	0	0	0	0	0	0	0	0	0	0	0	0	0	0	0	0	1
885	3728	0.0	0.0	0.0	0.0	0.0	0.0	0.0	0.0	0.0	0.0	0.0	0.0	0.0	0.0	0.0	0.0	0.0	0.0	0.0	0.0	0.0	0.0	0.0	0.0	0			0	0	0	0	0	0	0	0	0	0	0	0	0	0	0	0	0	0	0	0	0	0	0	1
886	3729	0.13520520029325336	0.124530115851107	0.004259260409299242	0.9720012003882974	0.13519705843923124	0.1246065776834009	0.07084261619905845	0.9999893119756565	0.26817262467474	0.7030296062494772	0.6908706160074507	0.9332159645993594	0.0003669724770642202	0.0002935779816513761	0.00044036697247706424	0.8275229357798165	0.0003669724770642202	0.0003669724770642202	0.0013944954128440367	0.9999266055045871	0.03823853211009174	0.28628230616302186	0.3283263382666961	0.5475699558173786	0	0.0	0.0	0	0	0	0	0	0	0	0	0	0	0	0	0	0	0	0	0	0	0	0	0	0	0	0
887	3730	0.13520520029325336	0.124530115851107	0.004259260409299242	0.9720012003882974	0.13519705843923124	0.1246065776834009	0.07084261619905845	0.9999893119756565	0.26817262467474	0.7030296062494772	0.6908706160074507	0.9332159645993594	0.0003669724770642202	0.0002935779816513761	0.00044036697247706424	0.8275229357798165	0.0003669724770642202	0.0003669724770642202	0.0013944954128440367	0.9999266055045871	0.03823853211009174	0.28628230616302186	0.3283263382666961	0.5475699558173786	5	2725.0	0.033615323154616614	0	0	0	0	0	0	0	0	0	0	0	0	0	0	0	0	0	1	0	0	0	0	0	0
888	3731	0.13520520029325336	0.124530115851107	0.004259260409299242	0.9720012003882974	0.13519705843923124	0.1246065776834009	0.07084261619905845	0.9999893119756565	0.26817262467474	0.7030296062494772	0.6908706160074507	0.9332159645993594	0.0003669724770642202	0.0002935779816513761	0.00044036697247706424	0.8275229357798165	0.0003669724770642202	0.0003669724770642202	0.0013944954128440367	0.9999266055045871	0.03823853211009174	0.28628230616302186	0.3283263382666961	0.5475699558173786	11	1238.6363636363637	0.007413116089930377	0	0	0	0	0	0	0	0	0	0	0	0	0	0	0	0	1	1	0	0	0	0	0	0
889	3732	0.13520520029325336	0.124530115851107	0.004259260409299242	0.9720012003882974	0.13519705843923124	0.1246065776834009	0.07084261619905845	0.9999893119756565	0.26817262467474	0.7030296062494772	0.6908706160074507	0.9332159645993594	0.0003669724770642202	0.0002935779816513761	0.00044036697247706424	0.8275229357798165	0.0003669724770642202	0.0003669724770642202	0.0013944954128440367	0.9999266055045871	0.03823853211009174	0.28628230616302186	0.3283263382666961	0.5475699558173786	26	524.0384615384615	0.005127149247792085	0	0	0	0	0	0	0	0	0	0	0	0	0	0	1	0	1	1	0	0	0	0	0	0
890	3733	0.20843312473476686	0.0	0.0	1.0	0.20843312473476686	0.0	0.2046585550243342	1.0	0.5050015301587245	0.9844214875661369	0.20843312473476686	1.0	0.07407407407407407	0.037037037037037035	0.037037037037037035	1.0	0.07407407407407407	0.037037037037037035	0.14814814814814814	1.0	0.25925925925925924	0.9629629629629629	0.07407407407407407	1.0	2	13.5	0.0030864197530864226	0	0	0	0	0	0	0	0	0	0	0	0	0	0	1	0	1	1	0	0	0	0	0	0
891	3734	0.13520520029325336	0.124530115851107	0.004259260409299242	0.9720012003882974	0.13519705843923124	0.1246065776834009	0.07084261619905845	0.9999893119756565	0.26817262467474	0.7030296062494772	0.6908706160074507	0.9332159645993594	0.0003669724770642202	0.0002935779816513761	0.00044036697247706424	0.8275229357798165	0.0003669724770642202	0.0003669724770642202	0.0013944954128440367	0.9999266055045871	0.03823853211009174	0.28628230616302186	0.3283263382666961	0.5475699558173786	11	1238.6363636363637	0.007413116089930377	0	0	0	0	0	0	0	0	0	0	0	0	0	0	0	0	1	1	0	0	0	0	0	0
892	3735	0.13520520029325336	0.124530115851107	0.004259260409299242	0.9720012003882974	0.13519705843923124	0.1246065776834009	0.07084261619905845	0.9999893119756565	0.26817262467474	0.7030296062494772	0.6908706160074507	0.9332159645993594	0.0003669724770642202	0.0002935779816513761	0.00044036697247706424	0.8275229357798165	0.0003669724770642202	0.0003669724770642202	0.0013944954128440367	0.9999266055045871	0.03823853211009174	0.28628230616302186	0.3283263382666961	0.5475699558173786	6041	2.264632316158079	2.2488770979783332e-06	0	0	0	0	0	0	0	0	0	0	0	0	0	0	0	0	1	1	0	0	0	1	0	0
893	3744	0.03441566998979106	0.03441566998979106	0.03907942930560797	0.9882895163487554	0.8505898002931425	0.08682694827348257	0.054094410058565176	1.0	0.5233950094061363	0.4811272358505413	0.5608314867293819	0.7596016173743511	0.00023126734505087883	0.00023126734505087883	0.0003469010175763182	0.9422987974098057	0.42700138824618233	0.02093937991670523	0.001156336725254394	1.0	0.01364477335800185	0.1623578076525336	0.21509824198552224	0.2122153209109731	0	0.0	0.0	0	0	0	0	0	0	0	0	0	0	0	0	0	0	0	0	0	0	0	0	0	0	0	0
894	3745	0.10021615688476794	0.10021615688476794	0.0	0.9007127564510853	0.4854785599041388	0.4043665815397928	0.10116426644115113	1.0000000000000002	0.6437197312171351	0.4811272358505413	0.5608314867293819	0.7596016173743511	0.002068252326783868	0.002068252326783868	0.001034126163391934	0.56153050672182	0.14891416752843847	0.11168562564632885	0.0031023784901758012	1.0	0.10754912099276112	0.1623578076525336	0.21509824198552224	0.2122153209109731	0	0.0	0.0	0	0	0	0	0	0	0	0	0	0	0	0	0	0	0	0	0	0	0	0	0	0	0	0
895	3746	0.10021615688476794	0.10021615688476794	0.0	0.9007127564510853	0.4854785599041388	0.4043665815397928	0.10116426644115113	1.0000000000000002	0.6437197312171351	0.4811272358505413	0.5608314867293819	0.7596016173743511	0.002068252326783868	0.002068252326783868	0.001034126163391934	0.56153050672182	0.14891416752843847	0.11168562564632885	0.0031023784901758012	1.0	0.10754912099276112	0.1623578076525336	0.21509824198552224	0.2122153209109731	0	0.0	0.0	0	0	0	0	0	0	0	0	0	0	0	0	0	0	0	0	0	0	0	0	0	0	0	0
896	3747	0.03441566998979106	0.03441566998979106	0.03907942930560797	0.9882895163487554	0.8505898002931425	0.08682694827348257	0.054094410058565176	1.0	0.5233950094061363	0.4811272358505413	0.5608314867293819	0.7596016173743511	0.00023126734505087883	0.00023126734505087883	0.0003469010175763182	0.9422987974098057	0.42700138824618233	0.02093937991670523	0.001156336725254394	1.0	0.01364477335800185	0.1623578076525336	0.21509824198552224	0.2122153209109731	2	4324.0	0.16473385856621947	0	0	0	0	0	0	0	0	0	0	0	0	0	1	0	0	0	0	0	0	0	0	0	0
897	3748	0.03441566998979106	0.03441566998979106	0.03907942930560797	0.9882895163487554	0.8505898002931425	0.08682694827348257	0.054094410058565176	1.0	0.5233950094061363	0.4811272358505413	0.5608314867293819	0.7596016173743511	0.00023126734505087883	0.00023126734505087883	0.0003469010175763182	0.9422987974098057	0.42700138824618233	0.02093937991670523	0.001156336725254394	1.0	0.01364477335800185	0.1623578076525336	0.21509824198552224	0.2122153209109731	2	4324.0	0.16473385856621947	0	0	0	0	0	0	0	0	0	0	0	0	1	1	0	0	0	0	0	0	0	0	0	0
898	3749	0.03441566998979106	0.03441566998979106	0.03907942930560797	0.9882895163487554	0.8505898002931425	0.08682694827348257	0.054094410058565176	1.0	0.5233950094061363	0.4811272358505413	0.5608314867293819	0.7596016173743511	0.00023126734505087883	0.00023126734505087883	0.0003469010175763182	0.9422987974098057	0.42700138824618233	0.02093937991670523	0.001156336725254394	1.0	0.01364477335800185	0.1623578076525336	0.21509824198552224	0.2122153209109731	232	37.275862068965516	1.2679324547128093e-05	0	0	0	0	0	0	0	0	0	0	0	0	1	1	0	0	0	0	0	0	1	0	0	0
899	3750	0.03441566998979106	0.03441566998979106	0.03907942930560797	0.9882895163487554	0.8505898002931425	0.08682694827348257	0.054094410058565176	1.0	0.5233950094061363	0.4811272358505413	0.5608314867293819	0.7596016173743511	0.00023126734505087883	0.00023126734505087883	0.0003469010175763182	0.9422987974098057	0.42700138824618233	0.02093937991670523	0.001156336725254394	1.0	0.01364477335800185	0.1623578076525336	0.21509824198552224	0.2122153209109731	183	47.75690607734806	0.004504289000343205	0	0	0	0	0	0	0	0	0	0	0	0	1	1	0	0	0	1	0	0	0	0	0	0
900	3751	0.03441566998979106	0.03441566998979106	0.03907942930560797	0.9882895163487554	0.8505898002931425	0.08682694827348257	0.054094410058565176	1.0	0.5233950094061363	0.4811272358505413	0.5608314867293819	0.7596016173743511	0.00023126734505087883	0.00023126734505087883	0.0003469010175763182	0.9422987974098057	0.42700138824618233	0.02093937991670523	0.001156336725254394	1.0	0.01364477335800185	0.1623578076525336	0.21509824198552224	0.2122153209109731	183	47.75690607734806	0.004504289000343205	0	0	0	0	0	0	0	0	0	0	0	0	0	1	0	0	0	1	0	0	0	0	0	0
901	3752	0.03441566998979106	0.03441566998979106	0.03907942930560797	0.9882895163487554	0.8505898002931425	0.08682694827348257	0.054094410058565176	1.0	0.5233950094061363	0.4811272358505413	0.5608314867293819	0.7596016173743511	0.00023126734505087883	0.00023126734505087883	0.0003469010175763182	0.9422987974098057	0.42700138824618233	0.02093937991670523	0.001156336725254394	1.0	0.01364477335800185	0.1623578076525336	0.21509824198552224	0.2122153209109731	3872	2.23359173126615	1.499104462457747e-08	0	0	0	0	0	0	0	0	0	0	0	0	0	1	0	0	1	1	0	0	0	0	0	0
902	3753	0.0	0.0	0.2704260414863776	0.8333333333333334	0.0	0.0	0.2704260414863776	1.0	0.75	0.3868528072345416	0.3868528072345416	0.3868528072345416	0.125	0.125	0.25	0.75	0.125	0.125	0.25	1.0	0.625	0.3333333333333333	0.3333333333333333	0.3333333333333333	1	8.0	0.0	0	0	0	0	0	0	0	0	0	0	0	0	0	1	0	0	1	1	0	0	0	0	0	0
903	3754	0.10021615688476794	0.10021615688476794	0.0	0.9007127564510853	0.4854785599041388	0.4043665815397928	0.10116426644115113	1.0000000000000002	0.6437197312171351	0.4811272358505413	0.5608314867293819	0.7596016173743511	0.002068252326783868	0.002068252326783868	0.001034126163391934	0.56153050672182	0.14891416752843847	0.11168562564632885	0.0031023784901758012	1.0	0.10754912099276112	0.1623578076525336	0.21509824198552224	0.2122153209109731	250	3.868	2.903013509943967e-06	0	0	0	0	0	0	0	0	0	0	0	0	0	1	0	0	1	1	0	0	0	0	0	0
904	3755	0.10021615688476794	0.10021615688476794	0.0	0.9007127564510853	0.4854785599041388	0.4043665815397928	0.10116426644115113	1.0000000000000002	0.6437197312171351	0.4811272358505413	0.5608314867293819	0.7596016173743511	0.002068252326783868	0.002068252326783868	0.001034126163391934	0.56153050672182	0.14891416752843847	0.11168562564632885	0.0031023784901758012	1.0	0.10754912099276112	0.1623578076525336	0.21509824198552224	0.2122153209109731	250	3.868	2.903013509943967e-06	0	0	0	0	0	0	0	0	0	0	0	0	0	1	0	0	1	1	0	0	0	0	0	0
905	3756	0.03441566998979106	0.03441566998979106	0.03907942930560797	0.9882895163487554	0.8505898002931425	0.08682694827348257	0.054094410058565176	1.0	0.5233950094061363	0.4811272358505413	0.5608314867293819	0.7596016173743511	0.00023126734505087883	0.00023126734505087883	0.0003469010175763182	0.9422987974098057	0.42700138824618233	0.02093937991670523	0.001156336725254394	1.0	0.01364477335800185	0.1623578076525336	0.21509824198552224	0.2122153209109731	0	0.0	0.0	0	0	0	0	0	0	0	0	0	0	0	0	0	0	0	0	0	0	0	0	0	0	0	0
906	3757	0.03441566998979106	0.03441566998979106	0.03907942930560797	0.9882895163487554	0.8505898002931425	0.08682694827348257	0.054094410058565176	1.0	0.5233950094061363	0.4811272358505413	0.5608314867293819	0.7596016173743511	0.00023126734505087883	0.00023126734505087883	0.0003469010175763182	0.9422987974098057	0.42700138824618233	0.02093937991670523	0.001156336725254394	1.0	0.01364477335800185	0.1623578076525336	0.21509824198552224	0.2122153209109731	0	0.0	0.0	0	0	0	0	0	0	0	0	0	0	0	0	0	0	0	0	0	0	0	0	0	0	0	0
907	3758	0.03441566998979106	0.03441566998979106	0.03907942930560797	0.9882895163487554	0.8505898002931425	0.08682694827348257	0.054094410058565176	1.0	0.5233950094061363	0.4811272358505413	0.5608314867293819	0.7596016173743511	0.00023126734505087883	0.00023126734505087883	0.0003469010175763182	0.9422987974098057	0.42700138824618233	0.02093937991670523	0.001156336725254394	1.0	0.01364477335800185	0.1623578076525336	0.21509824198552224	0.2122153209109731	0	0.0	0.0	0	0	0	0	0	0	0	0	0	0	0	0	0	0	0	0	0	0	0	0	0	0	0	0
908	3759	0.03441566998979106	0.03441566998979106	0.03907942930560797	0.9882895163487554	0.8505898002931425	0.08682694827348257	0.054094410058565176	1.0	0.5233950094061363	0.4811272358505413	0.5608314867293819	0.7596016173743511	0.00023126734505087883	0.00023126734505087883	0.0003469010175763182	0.9422987974098057	0.42700138824618233	0.02093937991670523	0.001156336725254394	1.0	0.01364477335800185	0.1623578076525336	0.21509824198552224	0.2122153209109731	0	0.0	0.0	0	0	0	0	0	0	0	0	0	0	0	0	0	0	0	0	0	0	0	0	0	0	0	0
909	3760	0.03441566998979106	0.03441566998979106	0.03907942930560797	0.9882895163487554	0.8505898002931425	0.08682694827348257	0.054094410058565176	1.0	0.5233950094061363	0.4811272358505413	0.5608314867293819	0.7596016173743511	0.00023126734505087883	0.00023126734505087883	0.0003469010175763182	0.9422987974098057	0.42700138824618233	0.02093937991670523	0.001156336725254394	1.0	0.01364477335800185	0.1623578076525336	0.21509824198552224	0.2122153209109731	0	0.0	0.0	0	0	0	0	0	0	0	0	0	0	0	0	0	0	0	0	0	0	0	0	0	0	0	0
910	3761	0.03441566998979106	0.03441566998979106	0.03907942930560797	0.9882895163487554	0.8505898002931425	0.08682694827348257	0.054094410058565176	1.0	0.5233950094061363	0.4811272358505413	0.5608314867293819	0.7596016173743511	0.00023126734505087883	0.00023126734505087883	0.0003469010175763182	0.9422987974098057	0.42700138824618233	0.02093937991670523	0.001156336725254394	1.0	0.01364477335800185	0.1623578076525336	0.21509824198552224	0.2122153209109731	0	0.0	0.0	0	0	0	0	0	0	0	0	0	0	0	0	0	0	0	0	0	0	0	0	0	0	0	0
911	3762	0.10021615688476794	0.10021615688476794	0.0	0.9007127564510853	0.4854785599041388	0.4043665815397928	0.10116426644115113	1.0000000000000002	0.6437197312171351	0.4811272358505413	0.5608314867293819	0.7596016173743511	0.002068252326783868	0.002068252326783868	0.001034126163391934	0.56153050672182	0.14891416752843847	0.11168562564632885	0.0031023784901758012	1.0	0.10754912099276112	0.1623578076525336	0.21509824198552224	0.2122153209109731	0	0.0	0.0	0	0	0	0	0	0	0	0	0	0	0	0	0	0	0	0	0	0	0	0	0	0	0	0
912	3765	0.10021615688476794	0.10021615688476794	0.0	0.9007127564510853	0.4854785599041388	0.4043665815397928	0.10116426644115113	1.0000000000000002	0.6437197312171351	0.4811272358505413	0.5608314867293819	0.7596016173743511	0.002068252326783868	0.002068252326783868	0.001034126163391934	0.56153050672182	0.14891416752843847	0.11168562564632885	0.0031023784901758012	1.0	0.10754912099276112	0.1623578076525336	0.21509824198552224	0.2122153209109731	108	8.953703703703704	0.00268495702823889	0	0	0	0	0	0	0	0	0	0	0	0	0	0	0	0	0	1	0	0	0	0	0	0
913	3766													1.0	1.0	1.0	1.0	1.0	1.0	1.0	1.0	1.0	1.0	1.0	1.0	0	0.0	0.0	0	0	0	0	0	0	0	0	0	0	0	0	0	0	0	0	0	0	0	0	0	0	0	0
914	3767	0.0	0.0	0.0	0.9416573636926436	0.7753361128048342	0.0	0.0	0.9999999999999999	0.7093359510799099	0.09718619292102605	0.8428254912453857	0.8428254912453857	0.0018975332068311196	0.0018975332068311196	0.0018975332068311196	0.7362428842504743	0.2713472485768501	0.0018975332068311196	0.0018975332068311196	1.0	0.1954459203036053	0.003795066413662239	0.3889943074003795	0.3889943074003795	0	0.0	0.0	0	0	0	0	0	0	0	0	0	0	0	0	0	0	0	0	0	0	0	0	0	0	0	0
915	3768	0.0	0.0	0.0	0.9416573636926436	0.7753361128048342	0.0	0.0	0.9999999999999999	0.7093359510799099	0.09718619292102605	0.8428254912453857	0.8428254912453857	0.0018975332068311196	0.0018975332068311196	0.0018975332068311196	0.7362428842504743	0.2713472485768501	0.0018975332068311196	0.0018975332068311196	1.0	0.1954459203036053	0.003795066413662239	0.3889943074003795	0.3889943074003795	2	263.5	0.04083927137605363	0	0	0	0	0	0	0	0	0	0	0	0	0	0	0	0	0	0	0	0	0	1	0	0
916	3769	0.0	0.0	0.0	0.0	0.0	0.0	0.0	0.0	0.0	0.0	0.0	0.0	0.0	0.0	0.0	0.0	0.0	0.0	0.0	0.0	0.0	0.0	0.0	0.0	0			0	0	0	0	0	0	0	0	0	0	0	0	0	0	0	0	0	0	0	0	0	1	0	0
917	3771	0.0	0.0	0.0	0.0	0.0	0.0	0.0	0.0	0.0	0.0	0.0	0.0	0.0	0.0	0.0	0.0	0.0	0.0	0.0	0.0	0.0	0.0	0.0	0.0	0	0.0	0.0	0	0	0	0	0	0	0	0	0	0	0	0	0	0	0	0	0	0	0	0	0	0	0	0
918	3772	0.0	0.0	0.027503193864175702	0.9972555091800693	0.9108511275255645	0.0	0.027644140915294595	0.9999999999999998	0.5294880371840953	0.09718619292102605	0.8428254912453857	0.8428254912453857	0.00012769761205465457	0.00012769761205465457	0.00025539522410930913	0.982250031924403	0.4712041884816754	0.00012769761205465457	0.0003830928361639637	1.0	0.014940620610394586	0.003795066413662239	0.3889943074003795	0.3889943074003795	0	0.0	0.0	0	0	0	0	0	0	0	0	0	0	0	0	0	0	0	0	0	0	0	0	0	0	0	0
919	3773	0.0	0.0	0.027503193864175702	0.9972555091800693	0.9108511275255645	0.0	0.027644140915294595	0.9999999999999998	0.5294880371840953	0.09718619292102605	0.8428254912453857	0.8428254912453857	0.00012769761205465457	0.00012769761205465457	0.00025539522410930913	0.982250031924403	0.4712041884816754	0.00012769761205465457	0.0003830928361639637	1.0	0.014940620610394586	0.003795066413662239	0.3889943074003795	0.3889943074003795	2	3915.5	0.18723219641148348	0	0	0	0	0	0	0	0	0	0	0	0	0	0	1	0	0	0	0	0	0	0	0	0
920	3775	0.0	0.0	0.2704260414863776	0.8333333333333334	0.0	0.0	0.2704260414863776	1.0	0.5833333333333334	0.3868528072345416	0.3868528072345416	0.3868528072345416	0.125	0.125	0.25	0.75	0.125	0.125	0.25	1.0	0.5	0.3333333333333333	0.3333333333333333	0.3333333333333333	0	0.0	0.0	0	0	0	0	0	0	0	0	0	0	0	0	0	0	0	0	0	0	0	0	0	0	0	0
921	3763	0.03441566998979106	0.03441566998979106	0.03907942930560797	0.9882895163487554	0.8505898002931425	0.08682694827348257	0.054094410058565176	1.0	0.5233950094061363	0.4811272358505413	0.5608314867293819	0.7596016173743511	0.00023126734505087883	0.00023126734505087883	0.0003469010175763182	0.9422987974098057	0.42700138824618233	0.02093937991670523	0.001156336725254394	1.0	0.01364477335800185	0.1623578076525336	0.21509824198552224	0.2122153209109731	0	0.0	0.0	0	0	0	0	0	0	0	0	0	0	0	0	0	0	0	0	0	0	0	0	0	0	0	0
922	3764	0.03441566998979106	0.03441566998979106	0.03907942930560797	0.9882895163487554	0.8505898002931425	0.08682694827348257	0.054094410058565176	1.0	0.5233950094061363	0.4811272358505413	0.5608314867293819	0.7596016173743511	0.00023126734505087883	0.00023126734505087883	0.0003469010175763182	0.9422987974098057	0.42700138824618233	0.02093937991670523	0.001156336725254394	1.0	0.01364477335800185	0.1623578076525336	0.21509824198552224	0.2122153209109731	3	2882.6666666666665	0.15573878839491948	0	0	0	0	0	0	0	0	0	0	0	0	0	0	1	0	0	0	0	0	0	0	0	0
923	3770	0.03441566998979106	0.03441566998979106	0.03907942930560797	0.9882895163487554	0.8505898002931425	0.08682694827348257	0.054094410058565176	1.0	0.5233950094061363	0.4811272358505413	0.5608314867293819	0.7596016173743511	0.00023126734505087883	0.00023126734505087883	0.0003469010175763182	0.9422987974098057	0.42700138824618233	0.02093937991670523	0.001156336725254394	1.0	0.01364477335800185	0.1623578076525336	0.21509824198552224	0.2122153209109731	181	47.75690607734806	0.004504289000343205	0	0	0	0	0	0	0	0	0	0	0	0	0	0	0	0	0	1	0	0	0	0	0	0
924	3774	0.03441566998979106	0.03441566998979106	0.03907942930560797	0.9882895163487554	0.8505898002931425	0.08682694827348257	0.054094410058565176	1.0	0.5233950094061363	0.4811272358505413	0.5608314867293819	0.7596016173743511	0.00023126734505087883	0.00023126734505087883	0.0003469010175763182	0.9422987974098057	0.42700138824618233	0.02093937991670523	0.001156336725254394	1.0	0.01364477335800185	0.1623578076525336	0.21509824198552224	0.2122153209109731	3871	2.23359173126615	1.499104462457747e-08	0	0	0	0	0	0	0	0	0	0	0	0	0	0	0	0	1	1	0	0	0	0	0	0
925	3777	0.03441566998979106	0.03441566998979106	0.03907942930560797	0.9882895163487554	0.8505898002931425	0.08682694827348257	0.054094410058565176	1.0	0.5233950094061363	0.4811272358505413	0.5608314867293819	0.7596016173743511	0.00023126734505087883	0.00023126734505087883	0.0003469010175763182	0.9422987974098057	0.42700138824618233	0.02093937991670523	0.001156336725254394	1.0	0.01364477335800185	0.1623578076525336	0.21509824198552224	0.2122153209109731	3871	2.23359173126615	1.499104462457747e-08	0	0	0	0	0	0	0	0	0	0	0	0	0	0	0	0	1	1	0	0	0	0	0	0
926	3779	0.10021615688476794	0.10021615688476794	0.0	0.9007127564510853	0.4854785599041388	0.4043665815397928	0.10116426644115113	1.0000000000000002	0.6437197312171351	0.4811272358505413	0.5608314867293819	0.7596016173743511	0.002068252326783868	0.002068252326783868	0.001034126163391934	0.56153050672182	0.14891416752843847	0.11168562564632885	0.0031023784901758012	1.0	0.10754912099276112	0.1623578076525336	0.21509824198552224	0.2122153209109731	0	0.0	0.0	0	0	0	0	0	0	0	0	0	0	0	0	0	0	0	0	0	0	0	0	0	0	0	0
927	3780	0.10021615688476794	0.10021615688476794	0.0	0.9007127564510853	0.4854785599041388	0.4043665815397928	0.10116426644115113	1.0000000000000002	0.6437197312171351	0.4811272358505413	0.5608314867293819	0.7596016173743511	0.002068252326783868	0.002068252326783868	0.001034126163391934	0.56153050672182	0.14891416752843847	0.11168562564632885	0.0031023784901758012	1.0	0.10754912099276112	0.1623578076525336	0.21509824198552224	0.2122153209109731	108	8.953703703703704	0.00268495702823889	0	0	0	0	0	0	0	0	0	0	0	0	0	0	0	0	0	1	0	0	0	0	0	0
928	3781	0.10021615688476794	0.10021615688476794	0.0	0.9007127564510853	0.4854785599041388	0.4043665815397928	0.10116426644115113	1.0000000000000002	0.6437197312171351	0.4811272358505413	0.5608314867293819	0.7596016173743511	0.002068252326783868	0.002068252326783868	0.001034126163391934	0.56153050672182	0.14891416752843847	0.11168562564632885	0.0031023784901758012	1.0	0.10754912099276112	0.1623578076525336	0.21509824198552224	0.2122153209109731	250	3.868	2.903013509943967e-06	0	0	0	0	0	0	0	0	0	0	0	0	0	0	0	0	1	1	0	0	0	0	0	0
929	3783	0.10021615688476794	0.10021615688476794	0.0	0.9007127564510853	0.4854785599041388	0.4043665815397928	0.10116426644115113	1.0000000000000002	0.6437197312171351	0.4811272358505413	0.5608314867293819	0.7596016173743511	0.002068252326783868	0.002068252326783868	0.001034126163391934	0.56153050672182	0.14891416752843847	0.11168562564632885	0.0031023784901758012	1.0	0.10754912099276112	0.1623578076525336	0.21509824198552224	0.2122153209109731	205	4.712195121951219	3.9625273341749775e-06	0	0	0	0	0	0	0	0	0	0	0	0	0	0	0	0	0	0	0	0	0	0	0	1
930	3785	0.10021615688476794	0.10021615688476794	0.0	0.9007127564510853	0.4854785599041388	0.4043665815397928	0.10116426644115113	1.0000000000000002	0.6437197312171351	0.4811272358505413	0.5608314867293819	0.7596016173743511	0.002068252326783868	0.002068252326783868	0.001034126163391934	0.56153050672182	0.14891416752843847	0.11168562564632885	0.0031023784901758012	1.0	0.10754912099276112	0.1623578076525336	0.21509824198552224	0.2122153209109731	205	4.712195121951219	3.9625273341749775e-06	0	0	0	0	0	0	0	0	0	0	0	0	0	0	0	0	0	0	0	0	0	0	0	1
931	3786	0.0	0.0	0.0	0.0	0.0	0.0	0.0	0.0	0.0	0.0	0.0	0.0	0.0	0.0	0.0	0.0	0.0	0.0	0.0	0.0	0.0	0.0	0.0	0.0	0			0	0	0	0	0	0	0	0	0	0	0	0	0	0	0	0	0	0	0	0	0	0	0	1
932	3789	0.0	0.0	0.2704260414863776	0.8333333333333334	0.0	0.0	0.2704260414863776	1.0	0.5833333333333334	0.3868528072345416	0.3868528072345416	0.3868528072345416	0.125	0.125	0.25	0.75	0.125	0.125	0.25	1.0	0.5	0.3333333333333333	0.3333333333333333	0.3333333333333333	0	0.0	0.0	0	0	0	0	0	0	0	0	0	0	0	0	0	0	0	0	0	0	0	0	0	0	0	0
933	3790	0.0	0.0	0.2704260414863776	0.8333333333333334	0.0	0.0	0.2704260414863776	1.0	0.5833333333333334	0.3868528072345416	0.3868528072345416	0.3868528072345416	0.125	0.125	0.25	0.75	0.125	0.125	0.25	1.0	0.5	0.3333333333333333	0.3333333333333333	0.3333333333333333	0	0.0	0.0	0	0	0	0	0	0	0	0	0	0	0	0	0	0	0	0	0	0	0	0	0	0	0	0
934	3791	0.0	0.0	0.2704260414863776	0.603759374819711	0.0	0.0	0.2704260414863776	1.0	0.5833333333333334	0.3868528072345416	0.3868528072345416	0.3868528072345416	0.125	0.125	0.25	0.5	0.125	0.125	0.25	1.0	0.5	0.3333333333333333	0.3333333333333333	0.3333333333333333	0	0.0	0.0	0	0	0	0	0	0	0	0	0	0	0	0	0	0	0	0	0	0	0	0	0	0	0	0
935	3792	0.0	0.0	0.2704260414863776	0.603759374819711	0.0	0.0	0.2704260414863776	1.0	0.5833333333333334	0.3868528072345416	0.3868528072345416	0.3868528072345416	0.125	0.125	0.25	0.5	0.125	0.125	0.25	1.0	0.5	0.3333333333333333	0.3333333333333333	0.3333333333333333	0	0.0	0.0	0	0	0	0	0	0	0	0	0	0	0	0	0	0	0	0	0	0	0	0	0	0	0	0
936	3776	0.13520520029325336	0.124530115851107	0.004259260409299242	0.9720012003882974	0.13519705843923124	0.1246065776834009	0.07084261619905845	0.9999893119756565	0.26817262467474	0.7030296062494772	0.6908706160074507	0.9332159645993594	0.0003669724770642202	0.0002935779816513761	0.00044036697247706424	0.8275229357798165	0.0003669724770642202	0.0003669724770642202	0.0013944954128440367	0.9999266055045871	0.03823853211009174	0.28628230616302186	0.3283263382666961	0.5475699558173786	0	0.0	0.0	0	0	0	0	0	0	0	0	0	0	0	0	0	0	0	0	0	0	0	0	0	0	0	0
937	3778	0.13520520029325336	0.124530115851107	0.004259260409299242	0.9720012003882974	0.13519705843923124	0.1246065776834009	0.07084261619905845	0.9999893119756565	0.26817262467474	0.7030296062494772	0.6908706160074507	0.9332159645993594	0.0003669724770642202	0.0002935779816513761	0.00044036697247706424	0.8275229357798165	0.0003669724770642202	0.0003669724770642202	0.0013944954128440367	0.9999266055045871	0.03823853211009174	0.28628230616302186	0.3283263382666961	0.5475699558173786	5	2725.0	0.033615323154616614	0	0	0	0	0	0	0	0	0	0	0	0	0	0	0	0	0	1	0	0	0	0	0	0
938	3782	0.13520520029325336	0.124530115851107	0.004259260409299242	0.9720012003882974	0.13519705843923124	0.1246065776834009	0.07084261619905845	0.9999893119756565	0.26817262467474	0.7030296062494772	0.6908706160074507	0.9332159645993594	0.0003669724770642202	0.0002935779816513761	0.00044036697247706424	0.8275229357798165	0.0003669724770642202	0.0003669724770642202	0.0013944954128440367	0.9999266055045871	0.03823853211009174	0.28628230616302186	0.3283263382666961	0.5475699558173786	16	851.5625	0.018943182539348534	0	0	0	0	0	0	0	0	0	0	0	0	0	0	1	0	0	1	0	0	0	0	0	0
939	3784	0.13520520029325336	0.124530115851107	0.004259260409299242	0.9720012003882974	0.13519705843923124	0.1246065776834009	0.07084261619905845	0.9999893119756565	0.26817262467474	0.7030296062494772	0.6908706160074507	0.9332159645993594	0.0003669724770642202	0.0002935779816513761	0.00044036697247706424	0.8275229357798165	0.0003669724770642202	0.0003669724770642202	0.0013944954128440367	0.9999266055045871	0.03823853211009174	0.28628230616302186	0.3283263382666961	0.5475699558173786	26	524.0384615384615	0.005127149247792085	0	0	0	0	0	0	0	0	0	0	0	0	0	0	1	0	1	1	0	0	0	0	0	0
940	3787	0.13520520029325336	0.124530115851107	0.004259260409299242	0.9720012003882974	0.13519705843923124	0.1246065776834009	0.07084261619905845	0.9999893119756565	0.26817262467474	0.7030296062494772	0.6908706160074507	0.9332159645993594	0.0003669724770642202	0.0002935779816513761	0.00044036697247706424	0.8275229357798165	0.0003669724770642202	0.0003669724770642202	0.0013944954128440367	0.9999266055045871	0.03823853211009174	0.28628230616302186	0.3283263382666961	0.5475699558173786	6058	2.258230794812105	2.2413850498631665e-06	0	0	0	0	0	0	0	0	0	0	0	0	0	0	1	0	1	1	0	0	0	1	0	0
941	3788	0.13520520029325336	0.124530115851107	0.004259260409299242	0.9720012003882974	0.13519705843923124	0.1246065776834009	0.07084261619905845	0.9999893119756565	0.26817262467474	0.7030296062494772	0.6908706160074507	0.9332159645993594	0.0003669724770642202	0.0002935779816513761	0.00044036697247706424	0.8275229357798165	0.0003669724770642202	0.0003669724770642202	0.0013944954128440367	0.9999266055045871	0.03823853211009174	0.28628230616302186	0.3283263382666961	0.5475699558173786	5	2725.0	0.033615323154616614	0	0	0	0	0	0	0	0	0	0	0	0	0	0	0	0	0	1	0	0	0	0	0	0
942	3793	0.20843312473476686	0.0	0.0	1.0	0.20843312473476686	0.0	0.2046585550243342	1.0	0.5050015301587245	0.9844214875661369	0.20843312473476686	1.0	0.07407407407407407	0.037037037037037035	0.037037037037037035	1.0	0.07407407407407407	0.037037037037037035	0.14814814814814814	1.0	0.25925925925925924	0.9629629629629629	0.07407407407407407	1.0	1	27.0	0.0	0	0	0	0	0	0	0	0	0	0	0	0	0	0	0	0	0	1	0	0	0	0	0	0
943	3794	0.20843312473476686	0.0	0.0	1.0	0.20843312473476686	0.0	0.2046585550243342	1.0	0.5050015301587245	0.9844214875661369	0.20843312473476686	1.0	0.07407407407407407	0.037037037037037035	0.037037037037037035	1.0	0.07407407407407407	0.037037037037037035	0.14814814814814814	1.0	0.25925925925925924	0.9629629629629629	0.07407407407407407	1.0	2	13.5	0.0030864197530864226	0	0	0	0	0	0	0	0	0	0	0	0	0	0	0	0	0	1	0	0	0	0	1	0
944	3795	0.20843312473476686	0.0	0.0	1.0	0.20843312473476686	0.0	0.2046585550243342	1.0	0.5050015301587245	0.9844214875661369	0.20843312473476686	1.0	0.07407407407407407	0.037037037037037035	0.037037037037037035	1.0	0.07407407407407407	0.037037037037037035	0.14814814814814814	1.0	0.25925925925925924	0.9629629629629629	0.07407407407407407	1.0	3	9.0	0.024691358024691357	0	0	0	0	0	0	0	0	0	0	0	0	0	0	0	0	1	1	0	0	0	0	1	0
945	3796	0.13520520029325336	0.124530115851107	0.004259260409299242	0.9720012003882974	0.13519705843923124	0.1246065776834009	0.07084261619905845	0.9999893119756565	0.26817262467474	0.7030296062494772	0.6908706160074507	0.9332159645993594	0.0003669724770642202	0.0002935779816513761	0.00044036697247706424	0.8275229357798165	0.0003669724770642202	0.0003669724770642202	0.0013944954128440367	0.9999266055045871	0.03823853211009174	0.28628230616302186	0.3283263382666961	0.5475699558173786	0	0.0	0.0	0	0	0	0	0	0	0	0	0	0	0	0	0	0	0	0	0	0	0	0	0	0	0	0
946	3797	0.13520520029325336	0.124530115851107	0.004259260409299242	0.9720012003882974	0.13519705843923124	0.1246065776834009	0.07084261619905845	0.9999893119756565	0.26817262467474	0.7030296062494772	0.6908706160074507	0.9332159645993594	0.0003669724770642202	0.0002935779816513761	0.00044036697247706424	0.8275229357798165	0.0003669724770642202	0.0003669724770642202	0.0013944954128440367	0.9999266055045871	0.03823853211009174	0.28628230616302186	0.3283263382666961	0.5475699558173786	5	2725.0	0.033615323154616614	0	0	0	0	0	0	0	0	0	0	0	0	0	0	0	0	0	1	0	0	0	0	0	0
947	3798	0.13520520029325336	0.124530115851107	0.004259260409299242	0.9720012003882974	0.13519705843923124	0.1246065776834009	0.07084261619905845	0.9999893119756565	0.26817262467474	0.7030296062494772	0.6908706160074507	0.9332159645993594	0.0003669724770642202	0.0002935779816513761	0.00044036697247706424	0.8275229357798165	0.0003669724770642202	0.0003669724770642202	0.0013944954128440367	0.9999266055045871	0.03823853211009174	0.28628230616302186	0.3283263382666961	0.5475699558173786	16	851.5625	0.018943182539348534	0	0	0	0	0	0	0	0	0	0	0	0	0	0	1	0	0	1	0	0	0	0	0	0
948	3799	0.13520520029325336	0.124530115851107	0.004259260409299242	0.9720012003882974	0.13519705843923124	0.1246065776834009	0.07084261619905845	0.9999893119756565	0.26817262467474	0.7030296062494772	0.6908706160074507	0.9332159645993594	0.0003669724770642202	0.0002935779816513761	0.00044036697247706424	0.8275229357798165	0.0003669724770642202	0.0003669724770642202	0.0013944954128440367	0.9999266055045871	0.03823853211009174	0.28628230616302186	0.3283263382666961	0.5475699558173786	26	524.0384615384615	0.005127149247792085	0	0	0	0	0	0	0	0	0	0	0	0	0	0	1	0	1	1	0	0	0	0	0	0
949	3800	0.12082301751638064	0.004029276179682551	0.0	0.9849265708261259	0.12089631601290884	0.0041783779991424515	0.08129469519712343	0.9999791451742719	0.28414062330309814	0.7739906400273636	0.5664082096234425	0.9994368356920814	0.0005365526492287056	0.00040241448692152917	0.0001341381623071764	0.9062374245472837	0.0005365526492287056	0.0005365526492287056	0.0008048289738430583	0.9998658618376928	0.06961770623742455	0.13775989268947014	0.4642521797451375	0.9963777837402736	7	1065.0	0.030025490363534725	0	0	0	0	0	0	0	0	0	0	0	0	0	0	1	0	1	1	0	0	0	0	0	0
950	3801	0.12082301751638064	0.004029276179682551	0.0	0.9849265708261259	0.12089631601290884	0.0041783779991424515	0.08129469519712343	0.9999791451742719	0.28414062330309814	0.7739906400273636	0.5664082096234425	0.9994368356920814	0.0005365526492287056	0.00040241448692152917	0.0001341381623071764	0.9062374245472837	0.0005365526492287056	0.0005365526492287056	0.0008048289738430583	0.9998658618376928	0.06961770623742455	0.13775989268947014	0.4642521797451375	0.9963777837402736	3028	2.462021136063408	1.988643105505016e-08	0	0	0	0	0	0	0	0	0	0	0	0	0	0	1	0	1	1	0	0	0	1	0	0
951	3802	0.13520520029325336	0.124530115851107	0.004259260409299242	0.9720012003882974	0.13519705843923124	0.1246065776834009	0.07084261619905845	0.9999893119756565	0.26817262467474	0.7030296062494772	0.6908706160074507	0.9332159645993594	0.0003669724770642202	0.0002935779816513761	0.00044036697247706424	0.8275229357798165	0.0003669724770642202	0.0003669724770642202	0.0013944954128440367	0.9999266055045871	0.03823853211009174	0.28628230616302186	0.3283263382666961	0.5475699558173786	13547	1.0057769219374908	6.728917964487089e-11	0	0	0	0	0	0	0	0	0	0	0	0	0	0	1	0	1	1	0	0	0	0	0	1
952	3808	0.03441566998979106	0.03441566998979106	0.03907942930560797	0.9882895163487554	0.8505898002931425	0.08682694827348257	0.054094410058565176	1.0	0.5233950094061363	0.4811272358505413	0.5608314867293819	0.7596016173743511	0.00023126734505087883	0.00023126734505087883	0.0003469010175763182	0.9422987974098057	0.42700138824618233	0.02093937991670523	0.001156336725254394	1.0	0.01364477335800185	0.1623578076525336	0.21509824198552224	0.2122153209109731	0	0.0	0.0	0	0	0	0	0	0	0	0	0	0	0	0	0	0	0	0	0	0	0	0	0	0	0	0
953	3809	0.03441566998979106	0.03441566998979106	0.03907942930560797	0.9882895163487554	0.8505898002931425	0.08682694827348257	0.054094410058565176	1.0	0.5233950094061363	0.4811272358505413	0.5608314867293819	0.7596016173743511	0.00023126734505087883	0.00023126734505087883	0.0003469010175763182	0.9422987974098057	0.42700138824618233	0.02093937991670523	0.001156336725254394	1.0	0.01364477335800185	0.1623578076525336	0.21509824198552224	0.2122153209109731	2	4324.0	0.16473385856621947	0	0	0	0	0	0	0	0	0	0	0	0	0	1	0	0	0	0	0	0	0	0	0	0
954	3810	0.03441566998979106	0.03441566998979106	0.03907942930560797	0.9882895163487554	0.8505898002931425	0.08682694827348257	0.054094410058565176	1.0	0.5233950094061363	0.4811272358505413	0.5608314867293819	0.7596016173743511	0.00023126734505087883	0.00023126734505087883	0.0003469010175763182	0.9422987974098057	0.42700138824618233	0.02093937991670523	0.001156336725254394	1.0	0.01364477335800185	0.1623578076525336	0.21509824198552224	0.2122153209109731	183	47.75690607734806	0.004504289000343205	0	0	0	0	0	0	0	0	0	0	0	0	0	1	0	0	0	1	0	0	0	0	0	0
955	3811	0.03441566998979106	0.03441566998979106	0.03907942930560797	0.9882895163487554	0.8505898002931425	0.08682694827348257	0.054094410058565176	1.0	0.5233950094061363	0.4811272358505413	0.5608314867293819	0.7596016173743511	0.00023126734505087883	0.00023126734505087883	0.0003469010175763182	0.9422987974098057	0.42700138824618233	0.02093937991670523	0.001156336725254394	1.0	0.01364477335800185	0.1623578076525336	0.21509824198552224	0.2122153209109731	290	30.01388888888889	0.002480116545577138	0	0	0	0	0	0	0	0	0	0	0	0	0	1	1	0	0	1	0	0	0	0	0	0
956	3812	0.10021615688476794	0.10021615688476794	0.0	0.9007127564510853	0.4854785599041388	0.4043665815397928	0.10116426644115113	1.0000000000000002	0.6437197312171351	0.4811272358505413	0.5608314867293819	0.7596016173743511	0.002068252326783868	0.002068252326783868	0.001034126163391934	0.56153050672182	0.14891416752843847	0.11168562564632885	0.0031023784901758012	1.0	0.10754912099276112	0.1623578076525336	0.21509824198552224	0.2122153209109731	108	8.953703703703704	0.00268495702823889	0	0	0	0	0	0	0	0	0	0	0	0	0	1	1	0	0	1	0	0	0	0	0	0
957	3813	0.0	0.0	0.0	0.0	0.0	0.0	0.0	0.0	0.0	0.0	0.0	0.0	0.0	0.0	0.0	0.0	0.0	0.0	0.0	0.0	0.0	0.0	0.0	0.0	0			0	0	0	0	0	0	0	0	0	0	0	0	0	1	1	0	0	1	0	0	0	0	0	0
958	3814	0.0	0.0	0.2704260414863776	0.603759374819711	0.0	0.0	0.2704260414863776	1.0	0.8333333333333334	0.3868528072345416	0.3868528072345416	0.3868528072345416	0.125	0.125	0.25	0.5	0.125	0.125	0.25	1.0	0.75	0.3333333333333333	0.3333333333333333	0.3333333333333333	2	4.0	0.0625	0	0	0	0	0	0	0	0	0	0	0	0	0	1	1	0	0	1	0	0	0	0	0	0
959	3815	0.0	0.0	0.2704260414863776	0.8333333333333334	0.0	0.0	0.2704260414863776	1.0	0.75	0.3868528072345416	0.3868528072345416	0.3868528072345416	0.125	0.125	0.25	0.75	0.125	0.125	0.25	1.0	0.625	0.3333333333333333	0.3333333333333333	0.3333333333333333	2	4.0	0.0625	0	0	0	0	0	0	0	0	0	0	0	0	0	1	1	0	0	1	0	0	0	0	0	0
960	3816	0.0	0.0	0.2704260414863776	0.8333333333333334	0.0	0.0	0.2704260414863776	1.0	0.75	0.3868528072345416	0.3868528072345416	0.3868528072345416	0.125	0.125	0.25	0.75	0.125	0.125	0.25	1.0	0.625	0.3333333333333333	0.3333333333333333	0.3333333333333333	2	4.0	0.0625	0	0	0	0	0	0	0	0	0	0	0	0	0	1	1	0	0	1	0	0	0	0	0	0
961	3817	0.13520520029325336	0.124530115851107	0.004259260409299242	0.9720012003882974	0.13519705843923124	0.1246065776834009	0.07084261619905845	0.9999893119756565	0.26817262467474	0.7030296062494772	0.6908706160074507	0.9332159645993594	0.0003669724770642202	0.0002935779816513761	0.00044036697247706424	0.8275229357798165	0.0003669724770642202	0.0003669724770642202	0.0013944954128440367	0.9999266055045871	0.03823853211009174	0.28628230616302186	0.3283263382666961	0.5475699558173786	0	0.0	0.0	0	0	0	0	0	0	0	0	0	0	0	0	0	0	0	0	0	0	0	0	0	0	0	0
962	3818	0.13520520029325336	0.124530115851107	0.004259260409299242	0.9720012003882974	0.13519705843923124	0.1246065776834009	0.07084261619905845	0.9999893119756565	0.26817262467474	0.7030296062494772	0.6908706160074507	0.9332159645993594	0.0003669724770642202	0.0002935779816513761	0.00044036697247706424	0.8275229357798165	0.0003669724770642202	0.0003669724770642202	0.0013944954128440367	0.9999266055045871	0.03823853211009174	0.28628230616302186	0.3283263382666961	0.5475699558173786	4	3406.25	0.02953924922144601	0	0	0	0	0	0	0	0	0	0	0	0	0	1	0	0	0	0	0	0	0	0	0	0
963	3819	0.13520520029325336	0.124530115851107	0.004259260409299242	0.9720012003882974	0.13519705843923124	0.1246065776834009	0.07084261619905845	0.9999893119756565	0.26817262467474	0.7030296062494772	0.6908706160074507	0.9332159645993594	0.0003669724770642202	0.0002935779816513761	0.00044036697247706424	0.8275229357798165	0.0003669724770642202	0.0003669724770642202	0.0013944954128440367	0.9999266055045871	0.03823853211009174	0.28628230616302186	0.3283263382666961	0.5475699558173786	5	2725.0	0.033615323154616614	0	0	0	0	0	0	0	0	0	0	0	0	0	1	0	0	0	1	0	0	0	0	0	0
964	3820	0.13520520029325336	0.124530115851107	0.004259260409299242	0.9720012003882974	0.13519705843923124	0.1246065776834009	0.07084261619905845	0.9999893119756565	0.26817262467474	0.7030296062494772	0.6908706160074507	0.9332159645993594	0.0003669724770642202	0.0002935779816513761	0.00044036697247706424	0.8275229357798165	0.0003669724770642202	0.0003669724770642202	0.0013944954128440367	0.9999266055045871	0.03823853211009174	0.28628230616302186	0.3283263382666961	0.5475699558173786	4	3406.25	0.02953924922144601	0	0	0	0	0	0	0	0	0	0	0	0	0	1	0	0	0	0	0	0	0	0	0	0
965	3821	0.13520520029325336	0.124530115851107	0.004259260409299242	0.9720012003882974	0.13519705843923124	0.1246065776834009	0.07084261619905845	0.9999893119756565	0.26817262467474	0.7030296062494772	0.6908706160074507	0.9332159645993594	0.0003669724770642202	0.0002935779816513761	0.00044036697247706424	0.8275229357798165	0.0003669724770642202	0.0003669724770642202	0.0013944954128440367	0.9999266055045871	0.03823853211009174	0.28628230616302186	0.3283263382666961	0.5475699558173786	5	2725.0	0.033615323154616614	0	0	0	0	0	0	0	0	0	0	0	0	0	1	0	0	0	1	0	0	0	0	0	0
966	3822	0.13520520029325336	0.124530115851107	0.004259260409299242	0.9720012003882974	0.13519705843923124	0.1246065776834009	0.07084261619905845	0.9999893119756565	0.26817262467474	0.7030296062494772	0.6908706160074507	0.9332159645993594	0.0003669724770642202	0.0002935779816513761	0.00044036697247706424	0.8275229357798165	0.0003669724770642202	0.0003669724770642202	0.0013944954128440367	0.9999266055045871	0.03823853211009174	0.28628230616302186	0.3283263382666961	0.5475699558173786	11	1238.6363636363637	0.007413116089930377	0	0	0	0	0	0	0	0	0	0	0	0	0	1	0	0	1	1	0	0	0	0	0	0
967	3823	0.13520520029325336	0.124530115851107	0.004259260409299242	0.9720012003882974	0.13519705843923124	0.1246065776834009	0.07084261619905845	0.9999893119756565	0.26817262467474	0.7030296062494772	0.6908706160074507	0.9332159645993594	0.0003669724770642202	0.0002935779816513761	0.00044036697247706424	0.8275229357798165	0.0003669724770642202	0.0003669724770642202	0.0013944954128440367	0.9999266055045871	0.03823853211009174	0.28628230616302186	0.3283263382666961	0.5475699558173786	26	524.0384615384615	0.005127149247792085	0	0	0	0	0	0	0	0	0	0	0	0	0	1	1	0	1	1	0	0	0	0	0	0
968	3824	0.13520520029325336	0.124530115851107	0.004259260409299242	0.9720012003882974	0.13519705843923124	0.1246065776834009	0.07084261619905845	0.9999893119756565	0.26817262467474	0.7030296062494772	0.6908706160074507	0.9332159645993594	0.0003669724770642202	0.0002935779816513761	0.00044036697247706424	0.8275229357798165	0.0003669724770642202	0.0003669724770642202	0.0013944954128440367	0.9999266055045871	0.03823853211009174	0.28628230616302186	0.3283263382666961	0.5475699558173786	16	851.5625	0.018943182539348534	0	0	0	0	0	0	0	0	0	0	0	0	0	1	1	0	0	1	0	0	0	0	0	0
969	3825	0.13520520029325336	0.124530115851107	0.004259260409299242	0.9720012003882974	0.13519705843923124	0.1246065776834009	0.07084261619905845	0.9999893119756565	0.26817262467474	0.7030296062494772	0.6908706160074507	0.9332159645993594	0.0003669724770642202	0.0002935779816513761	0.00044036697247706424	0.8275229357798165	0.0003669724770642202	0.0003669724770642202	0.0013944954128440367	0.9999266055045871	0.03823853211009174	0.28628230616302186	0.3283263382666961	0.5475699558173786	26	524.0384615384615	0.005127149247792085	0	0	0	0	0	0	0	0	0	0	0	0	0	1	1	0	1	1	0	0	0	0	0	0
970	3826	0.13520520029325336	0.124530115851107	0.004259260409299242	0.9720012003882974	0.13519705843923124	0.1246065776834009	0.07084261619905845	0.9999893119756565	0.26817262467474	0.7030296062494772	0.6908706160074507	0.9332159645993594	0.0003669724770642202	0.0002935779816513761	0.00044036697247706424	0.8275229357798165	0.0003669724770642202	0.0003669724770642202	0.0013944954128440367	0.9999266055045871	0.03823853211009174	0.28628230616302186	0.3283263382666961	0.5475699558173786	6058	2.258230794812105	2.2413850498631707e-06	0	0	0	0	0	0	0	0	0	0	0	0	0	1	1	0	1	1	0	0	0	1	0	0
971	3827	0.20843312473476686	0.0	0.0	1.0	0.20843312473476686	0.0	0.2046585550243342	1.0	0.5050015301587245	0.9844214875661369	0.20843312473476686	1.0	0.07407407407407407	0.037037037037037035	0.037037037037037035	1.0	0.07407407407407407	0.037037037037037035	0.14814814814814814	1.0	0.25925925925925924	0.9629629629629629	0.07407407407407407	1.0	26	1.0384615384615385	5.073010771016469e-05	0	0	0	0	0	0	0	0	0	0	0	0	0	1	1	0	1	1	0	0	0	1	0	0
972	3828	0.20843312473476686	0.0	0.0	1.0	0.20843312473476686	0.0	0.2046585550243342	1.0	0.5050015301587245	0.9844214875661369	0.20843312473476686	1.0	0.07407407407407407	0.037037037037037035	0.037037037037037035	1.0	0.07407407407407407	0.037037037037037035	0.14814814814814814	1.0	0.25925925925925924	0.9629629629629629	0.07407407407407407	1.0	26	1.0384615384615385	5.073010771016469e-05	0	0	0	0	0	0	0	0	0	0	0	0	0	1	1	0	1	1	0	0	0	1	0	0
973	3829	0.20843312473476686	0.0	0.0	1.0	0.20843312473476686	0.0	0.2046585550243342	1.0	0.5050015301587245	0.9844214875661369	0.20843312473476686	1.0	0.07407407407407407	0.037037037037037035	0.037037037037037035	1.0	0.07407407407407407	0.037037037037037035	0.14814814814814814	1.0	0.25925925925925924	0.9629629629629629	0.07407407407407407	1.0	26	1.0384615384615385	5.073010771016469e-05	0	0	0	0	0	0	0	0	0	0	0	0	0	1	1	0	1	1	0	0	0	1	0	0
974	3830	0.13520520029325336	0.124530115851107	0.004259260409299242	0.9720012003882974	0.13519705843923124	0.1246065776834009	0.07084261619905845	0.9999893119756565	0.26817262467474	0.7030296062494772	0.6908706160074507	0.9332159645993594	0.0003669724770642202	0.0002935779816513761	0.00044036697247706424	0.8275229357798165	0.0003669724770642202	0.0003669724770642202	0.0013944954128440367	0.9999266055045871	0.03823853211009174	0.28628230616302186	0.3283263382666961	0.5475699558173786	5	2725.0	0.033615323154616614	0	0	0	0	0	0	0	0	0	0	0	0	0	0	0	0	0	1	0	0	0	0	0	0
975	3831	0.13520520029325336	0.124530115851107	0.004259260409299242	0.9720012003882974	0.13519705843923124	0.1246065776834009	0.07084261619905845	0.9999893119756565	0.26817262467474	0.7030296062494772	0.6908706160074507	0.9332159645993594	0.0003669724770642202	0.0002935779816513761	0.00044036697247706424	0.8275229357798165	0.0003669724770642202	0.0003669724770642202	0.0013944954128440367	0.9999266055045871	0.03823853211009174	0.28628230616302186	0.3283263382666961	0.5475699558173786	11	1238.6363636363637	0.007413116089930377	0	0	0	0	0	0	0	0	0	0	0	0	0	0	0	0	1	1	0	0	0	0	0	0
976	3832	0.20843312473476686	0.0	0.0	1.0	0.20843312473476686	0.0	0.2046585550243342	1.0	0.5050015301587245	0.9844214875661369	0.20843312473476686	1.0	0.07407407407407407	0.037037037037037035	0.037037037037037035	1.0	0.07407407407407407	0.037037037037037035	0.14814814814814814	1.0	0.25925925925925924	0.9629629629629629	0.07407407407407407	1.0	2	13.5	0.0030864197530864226	0	0	0	0	0	0	0	0	0	0	0	0	0	0	0	0	1	1	0	0	0	0	0	0
977	3833	0.20843312473476686	0.0	0.0	1.0	0.20843312473476686	0.0	0.2046585550243342	1.0	0.5050015301587245	0.9844214875661369	0.20843312473476686	1.0	0.07407407407407407	0.037037037037037035	0.037037037037037035	1.0	0.07407407407407407	0.037037037037037035	0.14814814814814814	1.0	0.25925925925925924	0.9629629629629629	0.07407407407407407	1.0	3	9.0	0.024691358024691357	0	0	0	0	0	0	0	0	0	0	0	0	0	0	0	0	1	1	0	0	0	0	1	0
978	3871	0.13520520029325336	0.124530115851107	0.004259260409299242	0.9720012003882974	0.13519705843923124	0.1246065776834009	0.07084261619905845	0.9999893119756565	0.26817262467474	0.7030296062494772	0.6908706160074507	0.9332159645993594	0.0003669724770642202	0.0002935779816513761	0.00044036697247706424	0.8275229357798165	0.0003669724770642202	0.0003669724770642202	0.0013944954128440367	0.9999266055045871	0.03823853211009174	0.28628230616302186	0.3283263382666961	0.5475699558173786	0	0.0	0.0	0	0	0	0	0	0	0	0	0	0	0	0	0	0	0	0	0	0	0	0	0	0	0	0
979	3872	0.13520520029325336	0.124530115851107	0.004259260409299242	0.9720012003882974	0.13519705843923124	0.1246065776834009	0.07084261619905845	0.9999893119756565	0.26817262467474	0.7030296062494772	0.6908706160074507	0.9332159645993594	0.0003669724770642202	0.0002935779816513761	0.00044036697247706424	0.8275229357798165	0.0003669724770642202	0.0003669724770642202	0.0013944954128440367	0.9999266055045871	0.03823853211009174	0.28628230616302186	0.3283263382666961	0.5475699558173786	4	3406.25	0.02953924922144601	0	0	0	0	0	0	0	0	0	0	0	0	0	1	0	0	0	0	0	0	0	0	0	0
980	3873	0.13520520029325336	0.124530115851107	0.004259260409299242	0.9720012003882974	0.13519705843923124	0.1246065776834009	0.07084261619905845	0.9999893119756565	0.26817262467474	0.7030296062494772	0.6908706160074507	0.9332159645993594	0.0003669724770642202	0.0002935779816513761	0.00044036697247706424	0.8275229357798165	0.0003669724770642202	0.0003669724770642202	0.0013944954128440367	0.9999266055045871	0.03823853211009174	0.28628230616302186	0.3283263382666961	0.5475699558173786	10	1362.5	0.007247537816682098	0	0	0	0	0	0	0	0	0	0	0	0	1	1	0	0	0	0	0	0	0	0	0	0
981	3874	0.13520520029325336	0.124530115851107	0.004259260409299242	0.9720012003882974	0.13519705843923124	0.1246065776834009	0.07084261619905845	0.9999893119756565	0.26817262467474	0.7030296062494772	0.6908706160074507	0.9332159645993594	0.0003669724770642202	0.0002935779816513761	0.00044036697247706424	0.8275229357798165	0.0003669724770642202	0.0003669724770642202	0.0013944954128440367	0.9999266055045871	0.03823853211009174	0.28628230616302186	0.3283263382666961	0.5475699558173786	5	2725.0	0.033615323154616614	0	0	0	0	0	0	0	0	0	0	0	0	0	0	0	0	0	1	0	0	0	0	0	0
982	3875	0.13520520029325336	0.124530115851107	0.004259260409299242	0.9720012003882974	0.13519705843923124	0.1246065776834009	0.07084261619905845	0.9999893119756565	0.26817262467474	0.7030296062494772	0.6908706160074507	0.9332159645993594	0.0003669724770642202	0.0002935779816513761	0.00044036697247706424	0.8275229357798165	0.0003669724770642202	0.0003669724770642202	0.0013944954128440367	0.9999266055045871	0.03823853211009174	0.28628230616302186	0.3283263382666961	0.5475699558173786	11	1238.6363636363637	0.007413116089930377	0	0	0	0	0	0	0	0	0	0	0	0	0	0	0	0	1	1	0	0	0	0	0	0
983	3876	0.13440864374468953	0.12435242252209446	0.0	0.9724205566612727	0.13440040473423878	0.12442932402749578	0.06651363375387548	0.9999892483354612	0.266637885263024	0.703134360176821	0.6909285378512373	0.9337189852397746	0.00029515938606847696	0.00029515938606847696	7.378984651711924e-05	0.8293978748524203	0.00029515938606847696	0.0003689492325855962	0.00044273907910271547	0.9999262101534829	0.03844451003541913	0.28689492325855964	0.3290289256198347	0.5487417902737806	9	1505.7777777777778	0.006945417005097339	0	0	0	0	0	0	0	0	0	0	0	0	0	0	0	0	1	1	0	0	0	0	0	0
984	3877	0.13520520029325336	0.124530115851107	0.004259260409299242	0.9720012003882974	0.13519705843923124	0.1246065776834009	0.07084261619905845	0.9999893119756565	0.26817262467474	0.7030296062494772	0.6908706160074507	0.9332159645993594	0.0003669724770642202	0.0002935779816513761	0.00044036697247706424	0.8275229357798165	0.0003669724770642202	0.0003669724770642202	0.0013944954128440367	0.9999266055045871	0.03823853211009174	0.28628230616302186	0.3283263382666961	0.5475699558173786	26	524.0384615384615	0.005127149247792085	0	0	0	0	0	0	0	0	0	0	0	0	0	0	1	0	1	1	0	0	0	0	0	0
985	3878	0.13520520029325336	0.124530115851107	0.004259260409299242	0.9720012003882974	0.13519705843923124	0.1246065776834009	0.07084261619905845	0.9999893119756565	0.26817262467474	0.7030296062494772	0.6908706160074507	0.9332159645993594	0.0003669724770642202	0.0002935779816513761	0.00044036697247706424	0.8275229357798165	0.0003669724770642202	0.0003669724770642202	0.0013944954128440367	0.9999266055045871	0.03823853211009174	0.28628230616302186	0.3283263382666961	0.5475699558173786	6058	2.258230794812105	2.2413850498631665e-06	0	0	0	0	0	0	0	0	0	0	0	0	0	0	1	0	1	1	0	0	0	1	0	0
986	3879	0.13520520029325336	0.124530115851107	0.004259260409299242	0.9720012003882974	0.13519705843923124	0.1246065776834009	0.07084261619905845	0.9999893119756565	0.26817262467474	0.7030296062494772	0.6908706160074507	0.9332159645993594	0.0003669724770642202	0.0002935779816513761	0.00044036697247706424	0.8275229357798165	0.0003669724770642202	0.0003669724770642202	0.0013944954128440367	0.9999266055045871	0.03823853211009174	0.28628230616302186	0.3283263382666961	0.5475699558173786	13545	1.0059254870009628	6.807799856371082e-11	0	0	0	0	0	0	0	0	0	0	0	0	0	0	1	0	1	1	0	0	0	1	1	0
987	3880	0.12082301751638064	0.004029276179682551	0.0	0.9849265708261259	0.12089631601290884	0.0041783779991424515	0.08129469519712343	0.9999791451742719	0.28414062330309814	0.7739906400273636	0.5664082096234425	0.9994368356920814	0.0005365526492287056	0.00040241448692152917	0.0001341381623071764	0.9062374245472837	0.0005365526492287056	0.0005365526492287056	0.0008048289738430583	0.9998658618376928	0.06961770623742455	0.13775989268947014	0.4642521797451375	0.9963777837402736	7	1065.0	0.030025490363534725	0	0	0	0	0	0	0	0	0	0	0	0	0	0	1	0	1	1	0	0	0	0	0	0
988	3881	0.12082301751638064	0.004029276179682551	0.0	0.9849265708261259	0.12089631601290884	0.0041783779991424515	0.08129469519712343	0.9999791451742719	0.28414062330309814	0.7739906400273636	0.5664082096234425	0.9994368356920814	0.0005365526492287056	0.00040241448692152917	0.0001341381623071764	0.9062374245472837	0.0005365526492287056	0.0005365526492287056	0.0008048289738430583	0.9998658618376928	0.06961770623742455	0.13775989268947014	0.4642521797451375	0.9963777837402736	3606	2.06738768718802	1.6303310025733617e-05	0	0	0	0	0	0	0	0	0	0	0	0	0	0	1	0	1	1	0	0	0	0	1	0
989	3882	0.03441566998979106	0.03441566998979106	0.03907942930560797	0.9882895163487554	0.8505898002931425	0.08682694827348257	0.054094410058565176	1.0	0.5233950094061363	0.4811272358505413	0.5608314867293819	0.7596016173743511	0.00023126734505087883	0.00023126734505087883	0.0003469010175763182	0.9422987974098057	0.42700138824618233	0.02093937991670523	0.001156336725254394	1.0	0.01364477335800185	0.1623578076525336	0.21509824198552224	0.2122153209109731	0	0.0	0.0	0	0	0	0	0	0	0	0	0	0	0	0	0	0	0	0	0	0	0	0	0	0	0	0
990	3883	0.03441566998979106	0.03441566998979106	0.03907942930560797	0.9882895163487554	0.8505898002931425	0.08682694827348257	0.054094410058565176	1.0	0.5233950094061363	0.4811272358505413	0.5608314867293819	0.7596016173743511	0.00023126734505087883	0.00023126734505087883	0.0003469010175763182	0.9422987974098057	0.42700138824618233	0.02093937991670523	0.001156336725254394	1.0	0.01364477335800185	0.1623578076525336	0.21509824198552224	0.2122153209109731	181	47.75690607734806	0.004504289000343205	0	0	0	0	0	0	0	0	0	0	0	0	0	0	0	0	0	1	0	0	0	0	0	0
991	3884	0.03441566998979106	0.03441566998979106	0.03907942930560797	0.9882895163487554	0.8505898002931425	0.08682694827348257	0.054094410058565176	1.0	0.5233950094061363	0.4811272358505413	0.5608314867293819	0.7596016173743511	0.00023126734505087883	0.00023126734505087883	0.0003469010175763182	0.9422987974098057	0.42700138824618233	0.02093937991670523	0.001156336725254394	1.0	0.01364477335800185	0.1623578076525336	0.21509824198552224	0.2122153209109731	3871	2.23359173126615	1.499104462457747e-08	0	0	0	0	0	0	0	0	0	0	0	0	0	0	0	0	1	1	0	0	0	0	0	0
992	3885	0.018418314052327824	0.018418314052327824	0.0	1.0	0.9014264227821083	0.04026003250742924	0.00014630272880721131	1.0	0.5313114368426202	-0.0	-0.0	-0.0	0.0002631578947368421	0.0002631578947368421	0.00013157894736842105	1.0	0.4856578947368421	0.02	0.0002631578947368421	1.0	0.015394736842105263				3841	1.978651392866441	3.617182151491736e-10	0	0	0	0	0	0	0	0	0	0	0	0	0	0	0	0	1	1	0	0	0	0	0	0
993	3886	0.03441566998979106	0.03441566998979106	0.03907942930560797	0.9882895163487554	0.8505898002931425	0.08682694827348257	0.054094410058565176	1.0	0.5233950094061363	0.4811272358505413	0.5608314867293819	0.7596016173743511	0.00023126734505087883	0.00023126734505087883	0.0003469010175763182	0.9422987974098057	0.42700138824618233	0.02093937991670523	0.001156336725254394	1.0	0.01364477335800185	0.1623578076525336	0.21509824198552224	0.2122153209109731	289	30.01388888888889	0.002480116545577138	0	0	0	0	0	0	0	0	0	0	0	0	0	0	1	0	0	1	0	0	0	0	0	0
994	3887	0.03441566998979106	0.03441566998979106	0.03907942930560797	0.9882895163487554	0.8505898002931425	0.08682694827348257	0.054094410058565176	1.0	0.5233950094061363	0.4811272358505413	0.5608314867293819	0.7596016173743511	0.00023126734505087883	0.00023126734505087883	0.0003469010175763182	0.9422987974098057	0.42700138824618233	0.02093937991670523	0.001156336725254394	1.0	0.01364477335800185	0.1623578076525336	0.21509824198552224	0.2122153209109731	4120	2.098567613498422	5.335154053001392e-09	0	0	0	0	0	0	0	0	0	0	0	0	0	0	1	0	1	1	0	0	0	0	0	0
995	3888	0.0	0.0	0.0	0.0	0.0	0.0	0.0	0.0	0.0	0.0	0.0	0.0	0.0	0.0	0.0	0.0	0.0	0.0	0.0	0.0	0.0	0.0	0.0	0.0	0			0	0	0	0	0	0	0	0	0	0	0	0	0	0	1	0	1	1	0	0	0	0	0	0
996	3893	0.03441566998979106	0.03441566998979106	0.03907942930560797	0.9882895163487554	0.8505898002931425	0.08682694827348257	0.054094410058565176	1.0	0.5233950094061363	0.4811272358505413	0.5608314867293819	0.7596016173743511	0.00023126734505087883	0.00023126734505087883	0.0003469010175763182	0.9422987974098057	0.42700138824618233	0.02093937991670523	0.001156336725254394	1.0	0.01364477335800185	0.1623578076525336	0.21509824198552224	0.2122153209109731	0	0.0	0.0	0	0	0	0	0	0	0	0	0	0	0	0	0	0	0	0	0	0	0	0	0	0	0	0
997	3894	0.03441566998979106	0.03441566998979106	0.03907942930560797	0.9882895163487554	0.8505898002931425	0.08682694827348257	0.054094410058565176	1.0	0.5233950094061363	0.4811272358505413	0.5608314867293819	0.7596016173743511	0.00023126734505087883	0.00023126734505087883	0.0003469010175763182	0.9422987974098057	0.42700138824618233	0.02093937991670523	0.001156336725254394	1.0	0.01364477335800185	0.1623578076525336	0.21509824198552224	0.2122153209109731	181	47.75690607734806	0.004504289000343205	0	0	0	0	0	0	0	0	0	0	0	0	0	0	0	0	0	1	0	0	0	0	0	0
998	3895	0.03441566998979106	0.03441566998979106	0.03907942930560797	0.9882895163487554	0.8505898002931425	0.08682694827348257	0.054094410058565176	1.0	0.5233950094061363	0.4811272358505413	0.5608314867293819	0.7596016173743511	0.00023126734505087883	0.00023126734505087883	0.0003469010175763182	0.9422987974098057	0.42700138824618233	0.02093937991670523	0.001156336725254394	1.0	0.01364477335800185	0.1623578076525336	0.21509824198552224	0.2122153209109731	3871	2.23359173126615	1.499104462457747e-08	0	0	0	0	0	0	0	0	0	0	0	0	0	0	0	0	1	1	0	0	0	0	0	0
999	3896	0.03441566998979106	0.03441566998979106	0.03907942930560797	0.9882895163487554	0.8505898002931425	0.08682694827348257	0.054094410058565176	1.0	0.5233950094061363	0.4811272358505413	0.5608314867293819	0.7596016173743511	0.00023126734505087883	0.00023126734505087883	0.0003469010175763182	0.9422987974098057	0.42700138824618233	0.02093937991670523	0.001156336725254394	1.0	0.01364477335800185	0.1623578076525336	0.21509824198552224	0.2122153209109731	181	47.75690607734806	0.004504289000343205	0	0	0	0	0	0	0	0	0	0	0	0	0	0	0	0	0	1	0	0	0	0	0	0
1000	3897	0.03441566998979106	0.03441566998979106	0.03907942930560797	0.9882895163487554	0.8505898002931425	0.08682694827348257	0.054094410058565176	1.0	0.5233950094061363	0.4811272358505413	0.5608314867293819	0.7596016173743511	0.00023126734505087883	0.00023126734505087883	0.0003469010175763182	0.9422987974098057	0.42700138824618233	0.02093937991670523	0.001156336725254394	1.0	0.01364477335800185	0.1623578076525336	0.21509824198552224	0.2122153209109731	181	47.75690607734806	0.004504289000343205	0	0	0	0	0	0	0	0	0	0	0	0	0	0	0	0	0	1	0	0	0	0	0	0
1001	3898	0.03441566998979106	0.03441566998979106	0.03907942930560797	0.9882895163487554	0.8505898002931425	0.08682694827348257	0.054094410058565176	1.0	0.5233950094061363	0.4811272358505413	0.5608314867293819	0.7596016173743511	0.00023126734505087883	0.00023126734505087883	0.0003469010175763182	0.9422987974098057	0.42700138824618233	0.02093937991670523	0.001156336725254394	1.0	0.01364477335800185	0.1623578076525336	0.21509824198552224	0.2122153209109731	3871	2.23359173126615	1.499104462457747e-08	0	0	0	0	0	0	0	0	0	0	0	0	0	0	0	0	1	1	0	0	0	0	0	0
1002	3899	0.0	0.0	0.0	0.0	0.0	0.0	0.0	0.0	0.0	0.0	0.0	0.0	0.0	0.0	0.0	0.0	0.0	0.0	0.0	0.0	0.0	0.0	0.0	0.0	0			0	0	0	0	0	0	0	0	0	0	0	0	0	0	0	0	1	1	0	0	0	0	0	0
1003	3900	0.13520520029325336	0.124530115851107	0.004259260409299242	0.9720012003882974	0.13519705843923124	0.1246065776834009	0.07084261619905845	0.9999893119756565	0.26817262467474	0.7030296062494772	0.6908706160074507	0.9332159645993594	0.0003669724770642202	0.0002935779816513761	0.00044036697247706424	0.8275229357798165	0.0003669724770642202	0.0003669724770642202	0.0013944954128440367	0.9999266055045871	0.03823853211009174	0.28628230616302186	0.3283263382666961	0.5475699558173786	0	0.0	0.0	0	0	0	0	0	0	0	0	0	0	0	0	0	0	0	0	0	0	0	0	0	0	0	0
1004	3901	0.13520520029325336	0.124530115851107	0.004259260409299242	0.9720012003882974	0.13519705843923124	0.1246065776834009	0.07084261619905845	0.9999893119756565	0.26817262467474	0.7030296062494772	0.6908706160074507	0.9332159645993594	0.0003669724770642202	0.0002935779816513761	0.00044036697247706424	0.8275229357798165	0.0003669724770642202	0.0003669724770642202	0.0013944954128440367	0.9999266055045871	0.03823853211009174	0.28628230616302186	0.3283263382666961	0.5475699558173786	3888	3.4930555555555554	9.655869280997528e-06	0	0	0	0	0	0	0	0	0	0	0	0	0	0	0	0	0	0	0	0	0	1	0	0
1005	3902	0.13520520029325336	0.124530115851107	0.004259260409299242	0.9720012003882974	0.13519705843923124	0.1246065776834009	0.07084261619905845	0.9999893119756565	0.26817262467474	0.7030296062494772	0.6908706160074507	0.9332159645993594	0.0003669724770642202	0.0002935779816513761	0.00044036697247706424	0.8275229357798165	0.0003669724770642202	0.0003669724770642202	0.0013944954128440367	0.9999266055045871	0.03823853211009174	0.28628230616302186	0.3283263382666961	0.5475699558173786	5	2725.0	0.033615323154616614	0	0	0	0	0	0	0	0	0	0	0	0	0	0	0	0	0	1	0	0	0	0	0	0
1006	3903	0.13520520029325336	0.124530115851107	0.004259260409299242	0.9720012003882974	0.13519705843923124	0.1246065776834009	0.07084261619905845	0.9999893119756565	0.26817262467474	0.7030296062494772	0.6908706160074507	0.9332159645993594	0.0003669724770642202	0.0002935779816513761	0.00044036697247706424	0.8275229357798165	0.0003669724770642202	0.0003669724770642202	0.0013944954128440367	0.9999266055045871	0.03823853211009174	0.28628230616302186	0.3283263382666961	0.5475699558173786	11	1238.6363636363637	0.007413116089930377	0	0	0	0	0	0	0	0	0	0	0	0	0	0	0	0	1	1	0	0	0	0	0	0
1007	3904	0.13520520029325336	0.124530115851107	0.004259260409299242	0.9720012003882974	0.13519705843923124	0.1246065776834009	0.07084261619905845	0.9999893119756565	0.26817262467474	0.7030296062494772	0.6908706160074507	0.9332159645993594	0.0003669724770642202	0.0002935779816513761	0.00044036697247706424	0.8275229357798165	0.0003669724770642202	0.0003669724770642202	0.0013944954128440367	0.9999266055045871	0.03823853211009174	0.28628230616302186	0.3283263382666961	0.5475699558173786	5	2725.0	0.033615323154616614	0	0	0	0	0	0	0	0	0	0	0	0	0	0	0	0	0	1	0	0	0	0	0	0
1008	3905	0.13520520029325336	0.124530115851107	0.004259260409299242	0.9720012003882974	0.13519705843923124	0.1246065776834009	0.07084261619905845	0.9999893119756565	0.26817262467474	0.7030296062494772	0.6908706160074507	0.9332159645993594	0.0003669724770642202	0.0002935779816513761	0.00044036697247706424	0.8275229357798165	0.0003669724770642202	0.0003669724770642202	0.0013944954128440367	0.9999266055045871	0.03823853211009174	0.28628230616302186	0.3283263382666961	0.5475699558173786	4	3406.25	0.02953924922144601	0	0	0	0	0	0	0	0	0	0	0	0	0	1	0	0	0	0	0	0	0	0	0	0
1009	3906	0.13520520029325336	0.124530115851107	0.004259260409299242	0.9720012003882974	0.13519705843923124	0.1246065776834009	0.07084261619905845	0.9999893119756565	0.26817262467474	0.7030296062494772	0.6908706160074507	0.9332159645993594	0.0003669724770642202	0.0002935779816513761	0.00044036697247706424	0.8275229357798165	0.0003669724770642202	0.0003669724770642202	0.0013944954128440367	0.9999266055045871	0.03823853211009174	0.28628230616302186	0.3283263382666961	0.5475699558173786	5	2725.0	0.033615323154616614	0	0	0	0	0	0	0	0	0	0	0	0	0	1	0	0	0	1	0	0	0	0	0	0
1010	3907	0.13520520029325336	0.124530115851107	0.004259260409299242	0.9720012003882974	0.13519705843923124	0.1246065776834009	0.07084261619905845	0.9999893119756565	0.26817262467474	0.7030296062494772	0.6908706160074507	0.9332159645993594	0.0003669724770642202	0.0002935779816513761	0.00044036697247706424	0.8275229357798165	0.0003669724770642202	0.0003669724770642202	0.0013944954128440367	0.9999266055045871	0.03823853211009174	0.28628230616302186	0.3283263382666961	0.5475699558173786	11	1238.6363636363637	0.007413116089930377	0	0	0	0	0	0	0	0	0	0	0	0	0	1	0	0	1	1	0	0	0	0	0	0
1011	3908	0.13520520029325336	0.124530115851107	0.004259260409299242	0.9720012003882974	0.13519705843923124	0.1246065776834009	0.07084261619905845	0.9999893119756565	0.26817262467474	0.7030296062494772	0.6908706160074507	0.9332159645993594	0.0003669724770642202	0.0002935779816513761	0.00044036697247706424	0.8275229357798165	0.0003669724770642202	0.0003669724770642202	0.0013944954128440367	0.9999266055045871	0.03823853211009174	0.28628230616302186	0.3283263382666961	0.5475699558173786	6041	2.264632316158079	2.2488770979783307e-06	0	0	0	0	0	0	0	0	0	0	0	0	0	1	0	0	1	1	0	0	0	1	0	0
1012	3909	0.20843312473476686	0.0	0.0	1.0	0.20843312473476686	0.0	0.2046585550243342	1.0	0.5050015301587245	0.9844214875661369	0.20843312473476686	1.0	0.07407407407407407	0.037037037037037035	0.037037037037037035	1.0	0.07407407407407407	0.037037037037037035	0.14814814814814814	1.0	0.25925925925925924	0.9629629629629629	0.07407407407407407	1.0	26	1.0384615384615385	5.073010771016469e-05	0	0	0	0	0	0	0	0	0	0	0	0	0	1	0	0	1	1	0	0	0	1	0	0
1013	3910	0.13520520029325336	0.124530115851107	0.004259260409299242	0.9720012003882974	0.13519705843923124	0.1246065776834009	0.07084261619905845	0.9999893119756565	0.26817262467474	0.7030296062494772	0.6908706160074507	0.9332159645993594	0.0003669724770642202	0.0002935779816513761	0.00044036697247706424	0.8275229357798165	0.0003669724770642202	0.0003669724770642202	0.0013944954128440367	0.9999266055045871	0.03823853211009174	0.28628230616302186	0.3283263382666961	0.5475699558173786	6656	2.053992740471869	2.6836098116690156e-06	0	0	0	0	0	0	0	0	0	0	0	0	0	1	0	0	1	1	0	0	0	0	1	0
1014	3911	0.20843312473476686	0.0	0.0	1.0	0.20843312473476686	0.0	0.2046585550243342	1.0	0.5050015301587245	0.9844214875661369	0.20843312473476686	1.0	0.07407407407407407	0.037037037037037035	0.037037037037037035	1.0	0.07407407407407407	0.037037037037037035	0.14814814814814814	1.0	0.25925925925925924	0.9629629629629629	0.07407407407407407	1.0	3	9.0	0.024691358024691357	0	0	0	0	0	0	0	0	0	0	0	0	0	1	0	0	1	1	0	0	0	0	1	0
1015	3926	0.03441566998979106	0.03441566998979106	0.03907942930560797	0.9882895163487554	0.8505898002931425	0.08682694827348257	0.054094410058565176	1.0	0.5233950094061363	0.4811272358505413	0.5608314867293819	0.7596016173743511	0.00023126734505087883	0.00023126734505087883	0.0003469010175763182	0.9422987974098057	0.42700138824618233	0.02093937991670523	0.001156336725254394	1.0	0.01364477335800185	0.1623578076525336	0.21509824198552224	0.2122153209109731	0	0.0	0.0	0	0	0	0	0	0	0	0	0	0	0	0	0	0	0	0	0	0	0	0	0	0	0	0
1016	3927	0.03441566998979106	0.03441566998979106	0.03907942930560797	0.9882895163487554	0.8505898002931425	0.08682694827348257	0.054094410058565176	1.0	0.5233950094061363	0.4811272358505413	0.5608314867293819	0.7596016173743511	0.00023126734505087883	0.00023126734505087883	0.0003469010175763182	0.9422987974098057	0.42700138824618233	0.02093937991670523	0.001156336725254394	1.0	0.01364477335800185	0.1623578076525336	0.21509824198552224	0.2122153209109731	181	47.75690607734806	0.004504289000343205	0	0	0	0	0	0	0	0	0	0	0	0	0	0	0	0	0	1	0	0	0	0	0	0
1017	3928	0.03441566998979106	0.03441566998979106	0.03907942930560797	0.9882895163487554	0.8505898002931425	0.08682694827348257	0.054094410058565176	1.0	0.5233950094061363	0.4811272358505413	0.5608314867293819	0.7596016173743511	0.00023126734505087883	0.00023126734505087883	0.0003469010175763182	0.9422987974098057	0.42700138824618233	0.02093937991670523	0.001156336725254394	1.0	0.01364477335800185	0.1623578076525336	0.21509824198552224	0.2122153209109731	3871	2.23359173126615	1.499104462457747e-08	0	0	0	0	0	0	0	0	0	0	0	0	0	0	0	0	1	1	0	0	0	0	0	0
1018	3929	0.03441566998979106	0.03441566998979106	0.03907942930560797	0.9882895163487554	0.8505898002931425	0.08682694827348257	0.054094410058565176	1.0	0.5233950094061363	0.4811272358505413	0.5608314867293819	0.7596016173743511	0.00023126734505087883	0.00023126734505087883	0.0003469010175763182	0.9422987974098057	0.42700138824618233	0.02093937991670523	0.001156336725254394	1.0	0.01364477335800185	0.1623578076525336	0.21509824198552224	0.2122153209109731	289	30.01388888888889	0.002480116545577138	0	0	0	0	0	0	0	0	0	0	0	0	0	0	1	0	0	1	0	0	0	0	0	0
1019	3930	0.03441566998979106	0.03441566998979106	0.03907942930560797	0.9882895163487554	0.8505898002931425	0.08682694827348257	0.054094410058565176	1.0	0.5233950094061363	0.4811272358505413	0.5608314867293819	0.7596016173743511	0.00023126734505087883	0.00023126734505087883	0.0003469010175763182	0.9422987974098057	0.42700138824618233	0.02093937991670523	0.001156336725254394	1.0	0.01364477335800185	0.1623578076525336	0.21509824198552224	0.2122153209109731	4120	2.098567613498422	5.335154053001392e-09	0	0	0	0	0	0	0	0	0	0	0	0	0	0	1	0	1	1	0	0	0	0	0	0
1020	3931	0.0	0.0	0.0	0.0	0.0	0.0	0.0	0.0	0.0	0.0	0.0	0.0	0.0	0.0	0.0	0.0	0.0	0.0	0.0	0.0	0.0	0.0	0.0	0.0	0			0	0	0	0	0	0	0	0	0	0	0	0	0	0	1	0	1	1	0	0	0	0	0	0
1021	3932	0.03441566998979106	0.03441566998979106	0.03907942930560797	0.9882895163487554	0.8505898002931425	0.08682694827348257	0.054094410058565176	1.0	0.5233950094061363	0.4811272358505413	0.5608314867293819	0.7596016173743511	0.00023126734505087883	0.00023126734505087883	0.0003469010175763182	0.9422987974098057	0.42700138824618233	0.02093937991670523	0.001156336725254394	1.0	0.01364477335800185	0.1623578076525336	0.21509824198552224	0.2122153209109731	7838	6.159235668789809	0.0010685928516663648	0	0	0	0	0	0	0	0	0	0	0	0	0	0	1	0	0	1	0	0	0	1	0	0
1022	3941	0.13520520029325336	0.124530115851107	0.004259260409299242	0.9720012003882974	0.13519705843923124	0.1246065776834009	0.07084261619905845	0.9999893119756565	0.26817262467474	0.7030296062494772	0.6908706160074507	0.9332159645993594	0.0003669724770642202	0.0002935779816513761	0.00044036697247706424	0.8275229357798165	0.0003669724770642202	0.0003669724770642202	0.0013944954128440367	0.9999266055045871	0.03823853211009174	0.28628230616302186	0.3283263382666961	0.5475699558173786	0	0.0	0.0	0	0	0	0	0	0	0	0	0	0	0	0	0	0	0	0	0	0	0	0	0	0	0	0
1023	3942	0.13520520029325336	0.124530115851107	0.004259260409299242	0.9720012003882974	0.13519705843923124	0.1246065776834009	0.07084261619905845	0.9999893119756565	0.26817262467474	0.7030296062494772	0.6908706160074507	0.9332159645993594	0.0003669724770642202	0.0002935779816513761	0.00044036697247706424	0.8275229357798165	0.0003669724770642202	0.0003669724770642202	0.0013944954128440367	0.9999266055045871	0.03823853211009174	0.28628230616302186	0.3283263382666961	0.5475699558173786	5	2725.0	0.02132425270600118	0	0	0	0	0	0	0	0	0	0	0	0	0	0	0	0	1	0	0	0	0	0	0	0
1024	3943	0.13520520029325336	0.124530115851107	0.004259260409299242	0.9720012003882974	0.13519705843923124	0.1246065776834009	0.07084261619905845	0.9999893119756565	0.26817262467474	0.7030296062494772	0.6908706160074507	0.9332159645993594	0.0003669724770642202	0.0002935779816513761	0.00044036697247706424	0.8275229357798165	0.0003669724770642202	0.0003669724770642202	0.0013944954128440367	0.9999266055045871	0.03823853211009174	0.28628230616302186	0.3283263382666961	0.5475699558173786	11	1238.6363636363637	0.007413116089930379	0	0	0	0	0	0	0	0	0	0	0	0	0	0	0	0	1	1	0	0	0	0	0	0
1025	3945	0.13520520029325336	0.124530115851107	0.004259260409299242	0.9720012003882974	0.13519705843923124	0.1246065776834009	0.07084261619905845	0.9999893119756565	0.26817262467474	0.7030296062494772	0.6908706160074507	0.9332159645993594	0.0003669724770642202	0.0002935779816513761	0.00044036697247706424	0.8275229357798165	0.0003669724770642202	0.0003669724770642202	0.0013944954128440367	0.9999266055045871	0.03823853211009174	0.28628230616302186	0.3283263382666961	0.5475699558173786	6041	2.264632316158079	2.2488770979784616e-06	0	0	0	0	0	0	0	0	0	0	0	0	0	0	0	0	1	1	0	0	0	1	0	0
1026	3946	0.13520520029325336	0.124530115851107	0.004259260409299242	0.9720012003882974	0.13519705843923124	0.1246065776834009	0.07084261619905845	0.9999893119756565	0.26817262467474	0.7030296062494772	0.6908706160074507	0.9332159645993594	0.0003669724770642202	0.0002935779816513761	0.00044036697247706424	0.8275229357798165	0.0003669724770642202	0.0003669724770642202	0.0013944954128440367	0.9999266055045871	0.03823853211009174	0.28628230616302186	0.3283263382666961	0.5475699558173786	6041	2.264632316158079	2.2488770979784616e-06	0	0	0	0	0	0	0	0	0	0	0	0	0	0	0	0	1	1	0	0	0	1	0	0
1027	3950	0.13520520029325336	0.124530115851107	0.004259260409299242	0.9720012003882974	0.13519705843923124	0.1246065776834009	0.07084261619905845	0.9999893119756565	0.26817262467474	0.7030296062494772	0.6908706160074507	0.9332159645993594	0.0003669724770642202	0.0002935779816513761	0.00044036697247706424	0.8275229357798165	0.0003669724770642202	0.0003669724770642202	0.0013944954128440367	0.9999266055045871	0.03823853211009174	0.28628230616302186	0.3283263382666961	0.5475699558173786	6058	2.258230794812105	2.241385049862879e-06	0	0	0	0	0	0	0	0	0	0	0	0	0	0	1	0	1	1	0	0	0	1	0	0
1028	3951	0.13520520029325336	0.124530115851107	0.004259260409299242	0.9720012003882974	0.13519705843923124	0.1246065776834009	0.07084261619905845	0.9999893119756565	0.26817262467474	0.7030296062494772	0.6908706160074507	0.9332159645993594	0.0003669724770642202	0.0002935779816513761	0.00044036697247706424	0.8275229357798165	0.0003669724770642202	0.0003669724770642202	0.0013944954128440367	0.9999266055045871	0.03823853211009174	0.28628230616302186	0.3283263382666961	0.5475699558173786	6058	2.258230794812105	2.241385049862879e-06	0	0	0	0	0	0	0	0	0	0	0	0	0	0	1	0	1	1	0	0	0	1	0	0
1029	3953	0.13520520029325336	0.124530115851107	0.004259260409299242	0.9720012003882974	0.13519705843923124	0.1246065776834009	0.07084261619905845	0.9999893119756565	0.26817262467474	0.7030296062494772	0.6908706160074507	0.9332159645993594	0.0003669724770642202	0.0002935779816513761	0.00044036697247706424	0.8275229357798165	0.0003669724770642202	0.0003669724770642202	0.0013944954128440367	0.9999266055045871	0.03823853211009174	0.28628230616302186	0.3283263382666961	0.5475699558173786	6058	2.258230794812105	2.241385049862879e-06	0	0	0	0	0	0	0	0	0	0	0	0	0	0	1	0	1	1	0	0	0	1	0	0
1030	3955	0.13520520029325336	0.124530115851107	0.004259260409299242	0.9720012003882974	0.13519705843923124	0.1246065776834009	0.07084261619905845	0.9999893119756565	0.26817262467474	0.7030296062494772	0.6908706160074507	0.9332159645993594	0.0003669724770642202	0.0002935779816513761	0.00044036697247706424	0.8275229357798165	0.0003669724770642202	0.0003669724770642202	0.0013944954128440367	0.9999266055045871	0.03823853211009174	0.28628230616302186	0.3283263382666961	0.5475699558173786	6058	2.258230794812105	2.241385049862879e-06	0	0	0	0	0	0	0	0	0	0	0	0	0	0	1	0	1	1	0	0	0	1	0	0
1031	3956	0.13520520029325336	0.124530115851107	0.004259260409299242	0.9720012003882974	0.13519705843923124	0.1246065776834009	0.07084261619905845	0.9999893119756565	0.26817262467474	0.7030296062494772	0.6908706160074507	0.9332159645993594	0.0003669724770642202	0.0002935779816513761	0.00044036697247706424	0.8275229357798165	0.0003669724770642202	0.0003669724770642202	0.0013944954128440367	0.9999266055045871	0.03823853211009174	0.28628230616302186	0.3283263382666961	0.5475699558173786	6058	2.258230794812105	2.241385049862879e-06	0	0	0	0	0	0	0	0	0	0	0	0	0	0	1	0	1	1	0	0	0	1	0	0
1032	3958	0.20843312473476686	0.0	0.0	1.0	0.20843312473476686	0.0	0.2046585550243342	1.0	0.5050015301587245	0.9844214875661369	0.20843312473476686	1.0	0.07407407407407407	0.037037037037037035	0.037037037037037035	1.0	0.07407407407407407	0.037037037037037035	0.14814814814814814	1.0	0.25925925925925924	0.9629629629629629	0.07407407407407407	1.0	26	1.0384615384615385	5.073010771016469e-05	0	0	0	0	0	0	0	0	0	0	0	0	0	0	1	0	1	1	0	0	0	1	0	0
1033	3960	0.20843312473476686	0.0	0.0	1.0	0.20843312473476686	0.0	0.2046585550243342	1.0	0.5050015301587245	0.9844214875661369	0.20843312473476686	1.0	0.07407407407407407	0.037037037037037035	0.037037037037037035	1.0	0.07407407407407407	0.037037037037037035	0.14814814814814814	1.0	0.25925925925925924	0.9629629629629629	0.07407407407407407	1.0	27	1.0	4.333342374871281e-34	0	0	0	0	0	0	0	0	0	0	0	0	0	0	1	0	1	1	0	0	0	1	1	0
1034	3949	0.03441566998979106	0.03441566998979106	0.03907942930560797	0.9882895163487554	0.8505898002931425	0.08682694827348257	0.054094410058565176	1.0	0.5233950094061363	0.4811272358505413	0.5608314867293819	0.7596016173743511	0.00023126734505087883	0.00023126734505087883	0.0003469010175763182	0.9422987974098057	0.42700138824618233	0.02093937991670523	0.001156336725254394	1.0	0.01364477335800185	0.1623578076525336	0.21509824198552224	0.2122153209109731	0	0.0	0.0	0	0	0	0	0	0	0	0	0	0	0	0	0	0	0	0	0	0	0	0	0	0	0	0
1035	3952	0.0	0.0	0.027503193864175702	0.9972555091800693	0.9108511275255645	0.0	0.027644140915294595	0.9999999999999998	0.5294880371840953	0.09718619292102605	0.8428254912453857	0.8428254912453857	0.00012769761205465457	0.00012769761205465457	0.00025539522410930913	0.982250031924403	0.4712041884816754	0.00012769761205465457	0.0003830928361639637	1.0	0.014940620610394586	0.003795066413662239	0.3889943074003795	0.3889943074003795	0	0.0	0.0	0	0	0	0	0	0	0	0	0	0	0	0	0	0	0	0	0	0	0	0	0	0	0	0
1036	3954	0.0	0.0	0.027503193864175702	0.9972555091800693	0.9108511275255645	0.0	0.027644140915294595	0.9999999999999998	0.5294880371840953	0.09718619292102605	0.8428254912453857	0.8428254912453857	0.00012769761205465457	0.00012769761205465457	0.00025539522410930913	0.982250031924403	0.4712041884816754	0.00012769761205465457	0.0003830928361639637	1.0	0.014940620610394586	0.003795066413662239	0.3889943074003795	0.3889943074003795	2	3915.5	0.18723219641148348	0	0	0	0	0	0	0	0	0	0	0	0	0	0	1	0	0	0	0	0	0	0	0	0
1037	3957	0.0	0.0	0.027503193864175702	0.9972555091800693	0.9108511275255645	0.0	0.027644140915294595	0.9999999999999998	0.5294880371840953	0.09718619292102605	0.8428254912453857	0.8428254912453857	0.00012769761205465457	0.00012769761205465457	0.00025539522410930913	0.982250031924403	0.4712041884816754	0.00012769761205465457	0.0003830928361639637	1.0	0.014940620610394586	0.003795066413662239	0.3889943074003795	0.3889943074003795	3833	2.0430472214975217	3.700791943491575e-09	0	0	0	0	0	0	0	0	0	0	0	0	0	0	1	0	1	0	0	0	0	0	0	0
1038	3959	0.03441566998979106	0.03441566998979106	0.03907942930560797	0.9882895163487554	0.8505898002931425	0.08682694827348257	0.054094410058565176	1.0	0.5233950094061363	0.4811272358505413	0.5608314867293819	0.7596016173743511	0.00023126734505087883	0.00023126734505087883	0.0003469010175763182	0.9422987974098057	0.42700138824618233	0.02093937991670523	0.001156336725254394	1.0	0.01364477335800185	0.1623578076525336	0.21509824198552224	0.2122153209109731	3	2882.6666666666665	0.15573878839491948	0	0	0	0	0	0	0	0	0	0	0	0	0	0	1	0	0	0	0	0	0	0	0	0
1039	3961	0.03441566998979106	0.03441566998979106	0.03907942930560797	0.9882895163487554	0.8505898002931425	0.08682694827348257	0.054094410058565176	1.0	0.5233950094061363	0.4811272358505413	0.5608314867293819	0.7596016173743511	0.00023126734505087883	0.00023126734505087883	0.0003469010175763182	0.9422987974098057	0.42700138824618233	0.02093937991670523	0.001156336725254394	1.0	0.01364477335800185	0.1623578076525336	0.21509824198552224	0.2122153209109731	289	30.01388888888889	0.002480116545577138	0	0	0	0	0	0	0	0	0	0	0	0	0	0	1	0	0	1	0	0	0	0	0	0
1040	3962	0.03441566998979106	0.03441566998979106	0.03907942930560797	0.9882895163487554	0.8505898002931425	0.08682694827348257	0.054094410058565176	1.0	0.5233950094061363	0.4811272358505413	0.5608314867293819	0.7596016173743511	0.00023126734505087883	0.00023126734505087883	0.0003469010175763182	0.9422987974098057	0.42700138824618233	0.02093937991670523	0.001156336725254394	1.0	0.01364477335800185	0.1623578076525336	0.21509824198552224	0.2122153209109731	4120	2.098567613498422	5.335154053001439e-09	0	0	0	0	0	0	0	0	0	0	0	0	0	0	1	0	1	1	0	0	0	0	0	0
1041	3963	0.03441566998979106	0.03441566998979106	0.03907942930560797	0.9882895163487554	0.8505898002931425	0.08682694827348257	0.054094410058565176	1.0	0.5233950094061363	0.4811272358505413	0.5608314867293819	0.7596016173743511	0.00023126734505087883	0.00023126734505087883	0.0003469010175763182	0.9422987974098057	0.42700138824618233	0.02093937991670523	0.001156336725254394	1.0	0.01364477335800185	0.1623578076525336	0.21509824198552224	0.2122153209109731	181	47.75690607734806	0.004504289000343205	0	0	0	0	0	0	0	0	0	0	0	0	0	0	0	0	0	1	0	0	0	0	0	0
1042	3964	0.03441566998979106	0.03441566998979106	0.03907942930560797	0.9882895163487554	0.8505898002931425	0.08682694827348257	0.054094410058565176	1.0	0.5233950094061363	0.4811272358505413	0.5608314867293819	0.7596016173743511	0.00023126734505087883	0.00023126734505087883	0.0003469010175763182	0.9422987974098057	0.42700138824618233	0.02093937991670523	0.001156336725254394	1.0	0.01364477335800185	0.1623578076525336	0.21509824198552224	0.2122153209109731	289	30.01388888888889	0.002480116545577138	0	0	0	0	0	0	0	0	0	0	0	0	0	0	1	0	0	1	0	0	0	0	0	0
1043	3965	0.0	0.0	0.18393878085369603	0.971607333453733	0.6534041790535206	0.0	0.18393878085369603	0.9999999999999996	0.9094636830789811	0.15876032857139008	0.5965633607142825	0.5965633607142825	0.034482758620689655	0.034482758620689655	0.06896551724137931	0.9310344827586207	0.3448275862068966	0.034482758620689655	0.06896551724137931	1.0	0.7931034482758621	0.2222222222222222	0.4444444444444444	0.4444444444444444	2	14.5	0.0359690844233056	0	0	0	0	0	0	0	0	0	0	0	0	0	0	1	0	0	1	0	0	0	0	0	0
1044	3966	0.0	0.0	0.0	0.0	0.0	0.0	0.0	0.0	0.0	0.0	0.0	0.0	0.0	0.0	0.0	0.0	0.0	0.0	0.0	0.0	0.0	0.0	0.0	0.0	0			0	0	0	0	0	0	0	0	0	0	0	0	0	0	1	0	0	1	0	0	0	0	0	0
1045	3967	0.03441566998979106	0.03441566998979106	0.03907942930560797	0.9882895163487554	0.8505898002931425	0.08682694827348257	0.054094410058565176	1.0	0.5233950094061363	0.4811272358505413	0.5608314867293819	0.7596016173743511	0.00023126734505087883	0.00023126734505087883	0.0003469010175763182	0.9422987974098057	0.42700138824618233	0.02093937991670523	0.001156336725254394	1.0	0.01364477335800185	0.1623578076525336	0.21509824198552224	0.2122153209109731	289	30.01388888888889	0.002480116545577138	0	0	0	0	0	0	0	0	0	0	0	0	0	0	1	0	0	1	0	0	0	0	0	0
1046	3968	0.03441566998979106	0.03441566998979106	0.03907942930560797	0.9882895163487554	0.8505898002931425	0.08682694827348257	0.054094410058565176	1.0	0.5233950094061363	0.4811272358505413	0.5608314867293819	0.7596016173743511	0.00023126734505087883	0.00023126734505087883	0.0003469010175763182	0.9422987974098057	0.42700138824618233	0.02093937991670523	0.001156336725254394	1.0	0.01364477335800185	0.1623578076525336	0.21509824198552224	0.2122153209109731	7838	6.159235668789809	0.0010685928516663648	0	0	0	0	0	0	0	0	0	0	0	0	0	0	1	0	0	1	0	0	0	1	0	0
1047	3972	0.13520520029325336	0.124530115851107	0.004259260409299242	0.9720012003882974	0.13519705843923124	0.1246065776834009	0.07084261619905845	0.9999893119756565	0.26817262467474	0.7030296062494772	0.6908706160074507	0.9332159645993594	0.0003669724770642202	0.0002935779816513761	0.00044036697247706424	0.8275229357798165	0.0003669724770642202	0.0003669724770642202	0.0013944954128440367	0.9999266055045871	0.03823853211009174	0.28628230616302186	0.3283263382666961	0.5475699558173786	0	0.0	0.0	0	0	0	0	0	0	0	0	0	0	0	0	0	0	0	0	0	0	0	0	0	0	0	0
1048	3973	0.13520520029325336	0.124530115851107	0.004259260409299242	0.9720012003882974	0.13519705843923124	0.1246065776834009	0.07084261619905845	0.9999893119756565	0.26817262467474	0.7030296062494772	0.6908706160074507	0.9332159645993594	0.0003669724770642202	0.0002935779816513761	0.00044036697247706424	0.8275229357798165	0.0003669724770642202	0.0003669724770642202	0.0013944954128440367	0.9999266055045871	0.03823853211009174	0.28628230616302186	0.3283263382666961	0.5475699558173786	5	2725.0	0.033615323154616614	0	0	0	0	0	0	0	0	0	0	0	0	0	0	0	0	0	1	0	0	0	0	0	0
1049	3974	0.13520520029325336	0.124530115851107	0.004259260409299242	0.9720012003882974	0.13519705843923124	0.1246065776834009	0.07084261619905845	0.9999893119756565	0.26817262467474	0.7030296062494772	0.6908706160074507	0.9332159645993594	0.0003669724770642202	0.0002935779816513761	0.00044036697247706424	0.8275229357798165	0.0003669724770642202	0.0003669724770642202	0.0013944954128440367	0.9999266055045871	0.03823853211009174	0.28628230616302186	0.3283263382666961	0.5475699558173786	11	1238.6363636363637	0.007413116089930377	0	0	0	0	0	0	0	0	0	0	0	0	0	0	0	0	1	1	0	0	0	0	0	0
1050	3975	0.13520520029325336	0.124530115851107	0.004259260409299242	0.9720012003882974	0.13519705843923124	0.1246065776834009	0.07084261619905845	0.9999893119756565	0.26817262467474	0.7030296062494772	0.6908706160074507	0.9332159645993594	0.0003669724770642202	0.0002935779816513761	0.00044036697247706424	0.8275229357798165	0.0003669724770642202	0.0003669724770642202	0.0013944954128440367	0.9999266055045871	0.03823853211009174	0.28628230616302186	0.3283263382666961	0.5475699558173786	26	524.0384615384615	0.005127149247792085	0	0	0	0	0	0	0	0	0	0	0	0	0	0	1	0	1	1	0	0	0	0	0	0
1051	3976	0.13520520029325336	0.124530115851107	0.004259260409299242	0.9720012003882974	0.13519705843923124	0.1246065776834009	0.07084261619905845	0.9999893119756565	0.26817262467474	0.7030296062494772	0.6908706160074507	0.9332159645993594	0.0003669724770642202	0.0002935779816513761	0.00044036697247706424	0.8275229357798165	0.0003669724770642202	0.0003669724770642202	0.0013944954128440367	0.9999266055045871	0.03823853211009174	0.28628230616302186	0.3283263382666961	0.5475699558173786	6058	2.258230794812105	2.2413850498631665e-06	0	0	0	0	0	0	0	0	0	0	0	0	0	0	1	0	1	1	0	0	0	1	0	0
1052	3977	0.20843312473476686	0.0	0.0	1.0	0.20843312473476686	0.0	0.2046585550243342	1.0	0.5050015301587245	0.9844214875661369	0.20843312473476686	1.0	0.07407407407407407	0.037037037037037035	0.037037037037037035	1.0	0.07407407407407407	0.037037037037037035	0.14814814814814814	1.0	0.25925925925925924	0.9629629629629629	0.07407407407407407	1.0	26	1.0384615384615385	5.073010771016469e-05	0	0	0	0	0	0	0	0	0	0	0	0	0	0	1	0	1	1	0	0	0	1	0	0
1053	3983	0.13520520029325336	0.124530115851107	0.004259260409299242	0.9720012003882974	0.13519705843923124	0.1246065776834009	0.07084261619905845	0.9999893119756565	0.26817262467474	0.7030296062494772	0.6908706160074507	0.9332159645993594	0.0003669724770642202	0.0002935779816513761	0.00044036697247706424	0.8275229357798165	0.0003669724770642202	0.0003669724770642202	0.0013944954128440367	0.9999266055045871	0.03823853211009174	0.28628230616302186	0.3283263382666961	0.5475699558173786	0	0.0	0.0	0	0	0	0	0	0	0	0	0	0	0	0	0	0	0	0	0	0	0	0	0	0	0	0
1054	3984	0.13520520029325336	0.124530115851107	0.004259260409299242	0.9720012003882974	0.13519705843923124	0.1246065776834009	0.07084261619905845	0.9999893119756565	0.26817262467474	0.7030296062494772	0.6908706160074507	0.9332159645993594	0.0003669724770642202	0.0002935779816513761	0.00044036697247706424	0.8275229357798165	0.0003669724770642202	0.0003669724770642202	0.0013944954128440367	0.9999266055045871	0.03823853211009174	0.28628230616302186	0.3283263382666961	0.5475699558173786	5	2725.0	0.02132425270600118	0	0	0	0	0	0	0	0	0	0	0	0	0	0	0	0	1	0	0	0	0	0	0	0
1055	3985	0.13520520029325336	0.124530115851107	0.004259260409299242	0.9720012003882974	0.13519705843923124	0.1246065776834009	0.07084261619905845	0.9999893119756565	0.26817262467474	0.7030296062494772	0.6908706160074507	0.9332159645993594	0.0003669724770642202	0.0002935779816513761	0.00044036697247706424	0.8275229357798165	0.0003669724770642202	0.0003669724770642202	0.0013944954128440367	0.9999266055045871	0.03823853211009174	0.28628230616302186	0.3283263382666961	0.5475699558173786	11	1238.6363636363637	0.007413116089930379	0	0	0	0	0	0	0	0	0	0	0	0	0	0	0	0	1	1	0	0	0	0	0	0
1056	3986	0.13520520029325336	0.124530115851107	0.004259260409299242	0.9720012003882974	0.13519705843923124	0.1246065776834009	0.07084261619905845	0.9999893119756565	0.26817262467474	0.7030296062494772	0.6908706160074507	0.9332159645993594	0.0003669724770642202	0.0002935779816513761	0.00044036697247706424	0.8275229357798165	0.0003669724770642202	0.0003669724770642202	0.0013944954128440367	0.9999266055045871	0.03823853211009174	0.28628230616302186	0.3283263382666961	0.5475699558173786	6	2270.8333333333335	0.13710909885999123	0	0	0	0	0	0	0	0	0	0	0	0	0	0	1	0	0	0	0	0	0	0	0	0
1057	3987	0.13520520029325336	0.124530115851107	0.004259260409299242	0.9720012003882974	0.13519705843923124	0.1246065776834009	0.07084261619905845	0.9999893119756565	0.26817262467474	0.7030296062494772	0.6908706160074507	0.9332159645993594	0.0003669724770642202	0.0002935779816513761	0.00044036697247706424	0.8275229357798165	0.0003669724770642202	0.0003669724770642202	0.0013944954128440367	0.9999266055045871	0.03823853211009174	0.28628230616302186	0.3283263382666961	0.5475699558173786	16	851.5625	0.018943182539348537	0	0	0	0	0	0	0	0	0	0	0	0	0	0	1	0	0	1	0	0	0	0	0	0
1058	3988	0.13520520029325336	0.124530115851107	0.004259260409299242	0.9720012003882974	0.13519705843923124	0.1246065776834009	0.07084261619905845	0.9999893119756565	0.26817262467474	0.7030296062494772	0.6908706160074507	0.9332159645993594	0.0003669724770642202	0.0002935779816513761	0.00044036697247706424	0.8275229357798165	0.0003669724770642202	0.0003669724770642202	0.0013944954128440367	0.9999266055045871	0.03823853211009174	0.28628230616302186	0.3283263382666961	0.5475699558173786	26	524.0384615384615	0.005127149247792084	0	0	0	0	0	0	0	0	0	0	0	0	0	0	1	0	1	1	0	0	0	0	0	0
1059	3989	0.13520520029325336	0.124530115851107	0.004259260409299242	0.9720012003882974	0.13519705843923124	0.1246065776834009	0.07084261619905845	0.9999893119756565	0.26817262467474	0.7030296062494772	0.6908706160074507	0.9332159645993594	0.0003669724770642202	0.0002935779816513761	0.00044036697247706424	0.8275229357798165	0.0003669724770642202	0.0003669724770642202	0.0013944954128440367	0.9999266055045871	0.03823853211009174	0.28628230616302186	0.3283263382666961	0.5475699558173786	26	524.0384615384615	0.005127149247792084	0	0	0	0	0	0	0	0	0	0	0	0	1	0	1	0	1	1	0	0	0	0	0	0
1060	3990	0.13520520029325336	0.124530115851107	0.004259260409299242	0.9720012003882974	0.13519705843923124	0.1246065776834009	0.07084261619905845	0.9999893119756565	0.26817262467474	0.7030296062494772	0.6908706160074507	0.9332159645993594	0.0003669724770642202	0.0002935779816513761	0.00044036697247706424	0.8275229357798165	0.0003669724770642202	0.0003669724770642202	0.0013944954128440367	0.9999266055045871	0.03823853211009174	0.28628230616302186	0.3283263382666961	0.5475699558173786	26	524.0384615384615	0.005127149247792084	0	0	0	0	0	0	0	0	0	0	0	0	0	0	1	0	1	1	0	0	0	0	0	0
1061	3991	0.13520520029325336	0.124530115851107	0.004259260409299242	0.9720012003882974	0.13519705843923124	0.1246065776834009	0.07084261619905845	0.9999893119756565	0.26817262467474	0.7030296062494772	0.6908706160074507	0.9332159645993594	0.0003669724770642202	0.0002935779816513761	0.00044036697247706424	0.8275229357798165	0.0003669724770642202	0.0003669724770642202	0.0013944954128440367	0.9999266055045871	0.03823853211009174	0.28628230616302186	0.3283263382666961	0.5475699558173786	7497	1.8223295759527645	1.0440184979513325e-09	0	0	0	0	0	0	0	0	0	0	0	0	0	0	1	0	0	0	0	0	0	0	0	1
1062	3992	0.13520520029325336	0.124530115851107	0.004259260409299242	0.9720012003882974	0.13519705843923124	0.1246065776834009	0.07084261619905845	0.9999893119756565	0.26817262467474	0.7030296062494772	0.6908706160074507	0.9332159645993594	0.0003669724770642202	0.0002935779816513761	0.00044036697247706424	0.8275229357798165	0.0003669724770642202	0.0003669724770642202	0.0013944954128440367	0.9999266055045871	0.03823853211009174	0.28628230616302186	0.3283263382666961	0.5475699558173786	7497	1.8223295759527645	1.0440184979513325e-09	0	0	0	0	0	0	0	0	0	0	0	0	0	0	1	0	0	0	0	0	0	0	0	1
1063	3993	0.11955602940308706	0.0	0.001824063137395815	0.9848201415475099	0.11955602940308706	0.0	0.08102392522181152	1.0000000000000002	0.2846836696236597	0.7724296235225633	0.5660928924192601	0.9993621116762358	0.0004020908725371934	0.00013403029084573114	0.0005361211633829246	0.9056426752446053	0.0004020908725371934	0.00013403029084573114	0.0013403029084573114	1.0	0.06956172094893445	0.13424620754463687	0.4632836622365418	0.9965095986038395	7438	1.0030972259628332	8.962184419443602e-11	0	0	0	0	0	0	0	0	0	0	0	0	0	0	1	0	0	0	0	0	0	0	0	1
1064	3994	0.11955602940308706	0.0	0.001824063137395815	0.9848201415475099	0.11955602940308706	0.0	0.08102392522181152	1.0000000000000002	0.2846836696236597	0.7724296235225633	0.5660928924192601	0.9993621116762358	0.0004020908725371934	0.00013403029084573114	0.0005361211633829246	0.9056426752446053	0.0004020908725371934	0.00013403029084573114	0.0013403029084573114	1.0	0.06956172094893445	0.13424620754463687	0.4632836622365418	0.9965095986038395	4	1865.25	0.18649623689434444	0	0	0	0	0	0	0	0	0	0	0	0	0	0	1	0	0	0	0	0	0	0	0	0
1065	3995	0.11955602940308706	0.0	0.001824063137395815	0.9848201415475099	0.11955602940308706	0.0	0.08102392522181152	1.0000000000000002	0.2846836696236597	0.7724296235225633	0.5660928924192601	0.9993621116762358	0.0004020908725371934	0.00013403029084573114	0.0005361211633829246	0.9056426752446053	0.0004020908725371934	0.00013403029084573114	0.0013403029084573114	1.0	0.06956172094893445	0.13424620754463687	0.4632836622365418	0.9965095986038395	10	746.1	0.025481040749789262	0	0	0	0	0	0	0	0	0	0	0	0	0	0	1	0	1	0	0	0	0	0	0	0
1066	3996	0.11955602940308706	0.0	0.001824063137395815	0.9848201415475099	0.11955602940308706	0.0	0.08102392522181152	1.0000000000000002	0.2846836696236597	0.7724296235225633	0.5660928924192601	0.9993621116762358	0.0004020908725371934	0.00013403029084573114	0.0005361211633829246	0.9056426752446053	0.0004020908725371934	0.00013403029084573114	0.0013403029084573114	1.0	0.06956172094893445	0.13424620754463687	0.4632836622365418	0.9965095986038395	3613	2.068592057761733	1.6371213265445695e-05	0	0	0	0	0	0	0	0	0	0	0	0	0	0	1	0	1	0	0	0	0	0	1	0
1067	3997	0.11955602940308706	0.0	0.001824063137395815	0.9848201415475099	0.11955602940308706	0.0	0.08102392522181152	1.0000000000000002	0.2846836696236597	0.7724296235225633	0.5660928924192601	0.9993621116762358	0.0004020908725371934	0.00013403029084573114	0.0005361211633829246	0.9056426752446053	0.0004020908725371934	0.00013403029084573114	0.0013403029084573114	1.0	0.06956172094893445	0.13424620754463687	0.4632836622365418	0.9965095986038395	3014	2.4813457694870085	2.3673926386594374e-08	0	0	0	0	0	0	0	0	0	0	0	0	0	0	1	0	1	0	0	0	0	1	0	0
1068	3998	0.00018433106086518204	0.12633123425154882	0.0020141266825214983	0.9515218525895616	0.0	0.12633123425154882	0.005176654061843549	0.9999999999999996	0.28405420877084875	0.5635846587387094	0.7931113820519716	0.9997162089082462	0.00033068783068783067	0.0006613756613756613	0.0006613756613756613	0.7334656084656085	0.00016534391534391533	0.0006613756613756613	0.001984126984126984	1.0	0.0861441798941799	0.4773028495692512	0.16583830351225978	0.9985086992543496	4	1512.0	0.18634493004377678	0	0	0	0	0	0	0	0	0	0	0	0	0	0	1	0	0	0	0	0	0	0	0	0
1069	3999	0.0	0.0	0.0	1.0	0.0	0.0	0.3648950908989808	1.0	0.4449238814187271	0.9658722633586914	0.18478328922208231	1.0	0.06666666666666667	0.06666666666666667	0.06666666666666667	1.0	0.06666666666666667	0.06666666666666667	0.26666666666666666	1.0	0.3333333333333333	0.9333333333333333	0.13333333333333333	1.0	1	15.0	0.0	0	0	0	0	0	0	0	0	0	0	0	0	0	0	1	0	0	0	0	0	0	0	0	0
1070	4000	0.03441566998979106	0.03441566998979106	0.03907942930560797	0.9882895163487554	0.8505898002931425	0.08682694827348257	0.054094410058565176	1.0	0.5233950094061363	0.4811272358505413	0.5608314867293819	0.7596016173743511	0.00023126734505087883	0.00023126734505087883	0.0003469010175763182	0.9422987974098057	0.42700138824618233	0.02093937991670523	0.001156336725254394	1.0	0.01364477335800185	0.1623578076525336	0.21509824198552224	0.2122153209109731	0	0.0	0.0	0	0	0	0	0	0	0	0	0	0	0	0	0	0	0	0	0	0	0	0	0	0	0	0
1071	4001	0.03441566998979106	0.03441566998979106	0.03907942930560797	0.9882895163487554	0.8505898002931425	0.08682694827348257	0.054094410058565176	1.0	0.5233950094061363	0.4811272358505413	0.5608314867293819	0.7596016173743511	0.00023126734505087883	0.00023126734505087883	0.0003469010175763182	0.9422987974098057	0.42700138824618233	0.02093937991670523	0.001156336725254394	1.0	0.01364477335800185	0.1623578076525336	0.21509824198552224	0.2122153209109731	181	47.75690607734806	0.004504289000343205	0	0	0	0	0	0	0	0	0	0	0	0	0	0	0	0	0	1	0	0	0	0	0	0
1072	4002	0.03441566998979106	0.03441566998979106	0.03907942930560797	0.9882895163487554	0.8505898002931425	0.08682694827348257	0.054094410058565176	1.0	0.5233950094061363	0.4811272358505413	0.5608314867293819	0.7596016173743511	0.00023126734505087883	0.00023126734505087883	0.0003469010175763182	0.9422987974098057	0.42700138824618233	0.02093937991670523	0.001156336725254394	1.0	0.01364477335800185	0.1623578076525336	0.21509824198552224	0.2122153209109731	3871	2.23359173126615	1.499104462457747e-08	0	0	0	0	0	0	0	0	0	0	0	0	0	0	0	0	1	1	0	0	0	0	0	0
1073	4003	0.10021615688476794	0.10021615688476794	0.0	0.9007127564510853	0.4854785599041388	0.4043665815397928	0.10116426644115113	1.0000000000000002	0.6437197312171351	0.4811272358505413	0.5608314867293819	0.7596016173743511	0.002068252326783868	0.002068252326783868	0.001034126163391934	0.56153050672182	0.14891416752843847	0.11168562564632885	0.0031023784901758012	1.0	0.10754912099276112	0.1623578076525336	0.21509824198552224	0.2122153209109731	108	8.953703703703704	0.00268495702823889	0	0	0	0	0	0	0	0	0	0	0	0	0	0	0	0	0	1	0	0	0	0	0	0
1074	4004	0.10021615688476794	0.10021615688476794	0.0	0.9007127564510853	0.4854785599041388	0.4043665815397928	0.10116426644115113	1.0000000000000002	0.6437197312171351	0.4811272358505413	0.5608314867293819	0.7596016173743511	0.002068252326783868	0.002068252326783868	0.001034126163391934	0.56153050672182	0.14891416752843847	0.11168562564632885	0.0031023784901758012	1.0	0.10754912099276112	0.1623578076525336	0.21509824198552224	0.2122153209109731	157	6.159235668789809	0.0010685928516663648	0	0	0	0	0	0	0	0	0	0	0	0	0	0	0	0	0	1	0	0	0	1	0	0
1075	4005	0.10021615688476794	0.10021615688476794	0.0	0.9007127564510853	0.4854785599041388	0.4043665815397928	0.10116426644115113	1.0000000000000002	0.6437197312171351	0.4811272358505413	0.5608314867293819	0.7596016173743511	0.002068252326783868	0.002068252326783868	0.001034126163391934	0.56153050672182	0.14891416752843847	0.11168562564632885	0.0031023784901758012	1.0	0.10754912099276112	0.1623578076525336	0.21509824198552224	0.2122153209109731	360	2.686111111111111	4.0854862049244115e-07	0	0	0	0	0	0	0	0	0	0	0	0	0	0	0	0	1	1	0	0	0	1	0	0
1076	4006	0.0	0.0	0.0	0.0	0.0	0.0	0.0	0.0	0.0	0.0	0.0	0.0	0.0	0.0	0.0	0.0	0.0	0.0	0.0	0.0	0.0	0.0	0.0	0.0	0			0	0	0	0	0	0	0	0	0	0	0	0	0	0	0	0	1	1	0	0	0	1	0	0
1077	4007	0.13520520029325336	0.124530115851107	0.004259260409299242	0.9720012003882974	0.13519705843923124	0.1246065776834009	0.07084261619905845	0.9999893119756565	0.26817262467474	0.7030296062494772	0.6908706160074507	0.9332159645993594	0.0003669724770642202	0.0002935779816513761	0.00044036697247706424	0.8275229357798165	0.0003669724770642202	0.0003669724770642202	0.0013944954128440367	0.9999266055045871	0.03823853211009174	0.28628230616302186	0.3283263382666961	0.5475699558173786	0	0.0	0.0	0	0	0	0	0	0	0	0	0	0	0	0	0	0	0	0	0	0	0	0	0	0	0	0
1078	4008	0.13520520029325336	0.124530115851107	0.004259260409299242	0.9720012003882974	0.13519705843923124	0.1246065776834009	0.07084261619905845	0.9999893119756565	0.26817262467474	0.7030296062494772	0.6908706160074507	0.9332159645993594	0.0003669724770642202	0.0002935779816513761	0.00044036697247706424	0.8275229357798165	0.0003669724770642202	0.0003669724770642202	0.0013944954128440367	0.9999266055045871	0.03823853211009174	0.28628230616302186	0.3283263382666961	0.5475699558173786	5	2725.0	0.033615323154616614	0	0	0	0	0	0	0	0	0	0	0	0	0	0	0	0	0	1	0	0	0	0	0	0
1079	4009	0.13520520029325336	0.124530115851107	0.004259260409299242	0.9720012003882974	0.13519705843923124	0.1246065776834009	0.07084261619905845	0.9999893119756565	0.26817262467474	0.7030296062494772	0.6908706160074507	0.9332159645993594	0.0003669724770642202	0.0002935779816513761	0.00044036697247706424	0.8275229357798165	0.0003669724770642202	0.0003669724770642202	0.0013944954128440367	0.9999266055045871	0.03823853211009174	0.28628230616302186	0.3283263382666961	0.5475699558173786	11	1238.6363636363637	0.007413116089930377	0	0	0	0	0	0	0	0	0	0	0	0	0	0	0	0	1	1	0	0	0	0	0	0
1080	4010	0.13520520029325336	0.124530115851107	0.004259260409299242	0.9720012003882974	0.13519705843923124	0.1246065776834009	0.07084261619905845	0.9999893119756565	0.26817262467474	0.7030296062494772	0.6908706160074507	0.9332159645993594	0.0003669724770642202	0.0002935779816513761	0.00044036697247706424	0.8275229357798165	0.0003669724770642202	0.0003669724770642202	0.0013944954128440367	0.9999266055045871	0.03823853211009174	0.28628230616302186	0.3283263382666961	0.5475699558173786	26	524.0384615384615	0.005127149247792085	0	0	0	0	0	0	0	0	0	0	0	0	0	0	1	0	1	1	0	0	0	0	0	0
1081	4011	0.13520520029325336	0.124530115851107	0.004259260409299242	0.9720012003882974	0.13519705843923124	0.1246065776834009	0.07084261619905845	0.9999893119756565	0.26817262467474	0.7030296062494772	0.6908706160074507	0.9332159645993594	0.0003669724770642202	0.0002935779816513761	0.00044036697247706424	0.8275229357798165	0.0003669724770642202	0.0003669724770642202	0.0013944954128440367	0.9999266055045871	0.03823853211009174	0.28628230616302186	0.3283263382666961	0.5475699558173786	16	851.5625	0.018943182539348534	0	0	0	0	0	0	0	0	0	0	0	0	0	0	1	0	0	1	0	0	0	0	0	0
1082	4012	0.13520520029325336	0.124530115851107	0.004259260409299242	0.9720012003882974	0.13519705843923124	0.1246065776834009	0.07084261619905845	0.9999893119756565	0.26817262467474	0.7030296062494772	0.6908706160074507	0.9332159645993594	0.0003669724770642202	0.0002935779816513761	0.00044036697247706424	0.8275229357798165	0.0003669724770642202	0.0003669724770642202	0.0013944954128440367	0.9999266055045871	0.03823853211009174	0.28628230616302186	0.3283263382666961	0.5475699558173786	26	524.0384615384615	0.005127149247792085	0	0	0	0	0	0	0	0	0	0	0	0	0	0	1	0	1	1	0	0	0	0	0	0
1083	4013	0.13520520029325336	0.124530115851107	0.004259260409299242	0.9720012003882974	0.13519705843923124	0.1246065776834009	0.07084261619905845	0.9999893119756565	0.26817262467474	0.7030296062494772	0.6908706160074507	0.9332159645993594	0.0003669724770642202	0.0002935779816513761	0.00044036697247706424	0.8275229357798165	0.0003669724770642202	0.0003669724770642202	0.0013944954128440367	0.9999266055045871	0.03823853211009174	0.28628230616302186	0.3283263382666961	0.5475699558173786	6058	2.258230794812105	2.2413850498631665e-06	0	0	0	0	0	0	0	0	0	0	0	0	0	0	1	0	1	1	0	0	0	1	0	0
1084	4014	0.0	0.0	0.0	0.0	0.0	0.0	0.0	0.0	0.0	0.0	0.0	0.0	0.0	0.0	0.0	0.0	0.0	0.0	0.0	0.0	0.0	0.0	0.0	0.0	0			0	0	0	0	0	0	0	0	0	0	0	0	0	0	1	0	1	1	0	0	0	1	0	0
1085	4015	0.20843312473476686	0.0	0.0	1.0	0.20843312473476686	0.0	0.2046585550243342	1.0	0.5050015301587245	0.9844214875661369	0.20843312473476686	1.0	0.07407407407407407	0.037037037037037035	0.037037037037037035	1.0	0.07407407407407407	0.037037037037037035	0.14814814814814814	1.0	0.25925925925925924	0.9629629629629629	0.07407407407407407	1.0	26	1.0384615384615385	5.073010771016469e-05	0	0	0	0	0	0	0	0	0	0	0	0	0	0	1	0	1	1	0	0	0	1	0	0
1086	4016	0.13520520029325336	0.124530115851107	0.004259260409299242	0.9720012003882974	0.13519705843923124	0.1246065776834009	0.07084261619905845	0.9999893119756565	0.26817262467474	0.7030296062494772	0.6908706160074507	0.9332159645993594	0.0003669724770642202	0.0002935779816513761	0.00044036697247706424	0.8275229357798165	0.0003669724770642202	0.0003669724770642202	0.0013944954128440367	0.9999266055045871	0.03823853211009174	0.28628230616302186	0.3283263382666961	0.5475699558173786	0	0.0	0.0	0	0	0	0	0	0	0	0	0	0	0	0	0	0	0	0	0	0	0	0	0	0	0	0
1087	4017	0.13520520029325336	0.124530115851107	0.004259260409299242	0.9720012003882974	0.13519705843923124	0.1246065776834009	0.07084261619905845	0.9999893119756565	0.26817262467474	0.7030296062494772	0.6908706160074507	0.9332159645993594	0.0003669724770642202	0.0002935779816513761	0.00044036697247706424	0.8275229357798165	0.0003669724770642202	0.0003669724770642202	0.0013944954128440367	0.9999266055045871	0.03823853211009174	0.28628230616302186	0.3283263382666961	0.5475699558173786	4	3406.25	0.02953924922144601	0	0	0	0	0	0	0	0	0	0	0	0	0	1	0	0	0	0	0	0	0	0	0	0
1088	4018	0.13520520029325336	0.124530115851107	0.004259260409299242	0.9720012003882974	0.13519705843923124	0.1246065776834009	0.07084261619905845	0.9999893119756565	0.26817262467474	0.7030296062494772	0.6908706160074507	0.9332159645993594	0.0003669724770642202	0.0002935779816513761	0.00044036697247706424	0.8275229357798165	0.0003669724770642202	0.0003669724770642202	0.0013944954128440367	0.9999266055045871	0.03823853211009174	0.28628230616302186	0.3283263382666961	0.5475699558173786	4	3406.25	0.02953924922144601	0	0	0	0	0	0	0	0	0	0	0	0	0	1	0	0	0	0	0	0	0	0	0	0
1089	4019	0.13520520029325336	0.124530115851107	0.004259260409299242	0.9720012003882974	0.13519705843923124	0.1246065776834009	0.07084261619905845	0.9999893119756565	0.26817262467474	0.7030296062494772	0.6908706160074507	0.9332159645993594	0.0003669724770642202	0.0002935779816513761	0.00044036697247706424	0.8275229357798165	0.0003669724770642202	0.0003669724770642202	0.0013944954128440367	0.9999266055045871	0.03823853211009174	0.28628230616302186	0.3283263382666961	0.5475699558173786	4	3406.25	0.02953924922144601	0	0	0	0	0	0	0	0	0	0	0	0	0	1	0	0	0	0	0	0	0	0	0	0
1090	4020	0.13520520029325336	0.124530115851107	0.004259260409299242	0.9720012003882974	0.13519705843923124	0.1246065776834009	0.07084261619905845	0.9999893119756565	0.26817262467474	0.7030296062494772	0.6908706160074507	0.9332159645993594	0.0003669724770642202	0.0002935779816513761	0.00044036697247706424	0.8275229357798165	0.0003669724770642202	0.0003669724770642202	0.0013944954128440367	0.9999266055045871	0.03823853211009174	0.28628230616302186	0.3283263382666961	0.5475699558173786	10	1362.5	0.007247537816682098	0	0	0	0	0	0	0	0	0	0	0	0	1	1	0	0	0	0	0	0	0	0	0	0
1091	4021	0.13520520029325336	0.124530115851107	0.004259260409299242	0.9720012003882974	0.13519705843923124	0.1246065776834009	0.07084261619905845	0.9999893119756565	0.26817262467474	0.7030296062494772	0.6908706160074507	0.9332159645993594	0.0003669724770642202	0.0002935779816513761	0.00044036697247706424	0.8275229357798165	0.0003669724770642202	0.0003669724770642202	0.0013944954128440367	0.9999266055045871	0.03823853211009174	0.28628230616302186	0.3283263382666961	0.5475699558173786	4	3406.25	0.02953924922144601	0	0	0	0	0	0	0	0	0	0	0	0	0	1	0	0	0	0	0	0	0	0	0	0
1092	4022	0.13520520029325336	0.124530115851107	0.004259260409299242	0.9720012003882974	0.13519705843923124	0.1246065776834009	0.07084261619905845	0.9999893119756565	0.26817262467474	0.7030296062494772	0.6908706160074507	0.9332159645993594	0.0003669724770642202	0.0002935779816513761	0.00044036697247706424	0.8275229357798165	0.0003669724770642202	0.0003669724770642202	0.0013944954128440367	0.9999266055045871	0.03823853211009174	0.28628230616302186	0.3283263382666961	0.5475699558173786	5	2725.0	0.033615323154616614	0	0	0	0	0	0	0	0	0	0	0	0	0	0	0	0	0	1	0	0	0	0	0	0
1093	4023	0.13520520029325336	0.124530115851107	0.004259260409299242	0.9720012003882974	0.13519705843923124	0.1246065776834009	0.07084261619905845	0.9999893119756565	0.26817262467474	0.7030296062494772	0.6908706160074507	0.9332159645993594	0.0003669724770642202	0.0002935779816513761	0.00044036697247706424	0.8275229357798165	0.0003669724770642202	0.0003669724770642202	0.0013944954128440367	0.9999266055045871	0.03823853211009174	0.28628230616302186	0.3283263382666961	0.5475699558173786	11	1238.6363636363637	0.007413116089930377	0	0	0	0	0	0	0	0	0	0	0	0	0	0	0	0	1	1	0	0	0	0	0	0
1094	4024	0.13520520029325336	0.124530115851107	0.004259260409299242	0.9720012003882974	0.13519705843923124	0.1246065776834009	0.07084261619905845	0.9999893119756565	0.26817262467474	0.7030296062494772	0.6908706160074507	0.9332159645993594	0.0003669724770642202	0.0002935779816513761	0.00044036697247706424	0.8275229357798165	0.0003669724770642202	0.0003669724770642202	0.0013944954128440367	0.9999266055045871	0.03823853211009174	0.28628230616302186	0.3283263382666961	0.5475699558173786	26	524.0384615384615	0.005127149247792085	0	0	0	0	0	0	0	0	0	0	0	0	0	0	1	0	1	1	0	0	0	0	0	0
1095	4025	0.13440864374468953	0.12435242252209446	0.0	0.9724205566612727	0.13440040473423878	0.12442932402749578	0.06651363375387548	0.9999892483354612	0.266637885263024	0.703134360176821	0.6909285378512373	0.9337189852397746	0.00029515938606847696	0.00029515938606847696	7.378984651711924e-05	0.8293978748524203	0.00029515938606847696	0.0003689492325855962	0.00044273907910271547	0.9999262101534829	0.03844451003541913	0.28689492325855964	0.3290289256198347	0.5487417902737806	9	1505.7777777777778	0.006945417005097339	0	0	0	0	0	0	0	0	0	0	0	0	0	0	0	0	1	1	0	0	0	0	0	0
1096	4026	0.13440864374468953	0.12435242252209446	0.0	0.9724205566612727	0.13440040473423878	0.12442932402749578	0.06651363375387548	0.9999892483354612	0.266637885263024	0.703134360176821	0.6909285378512373	0.9337189852397746	0.00029515938606847696	0.00029515938606847696	7.378984651711924e-05	0.8293978748524203	0.00029515938606847696	0.0003689492325855962	0.00044273907910271547	0.9999262101534829	0.03844451003541913	0.28689492325855964	0.3290289256198347	0.5487417902737806	13474	1.0057893564907594	6.772255940531656e-11	0	0	0	0	0	0	0	0	0	0	0	0	0	0	0	0	1	1	0	0	0	0	0	1
1097	4027	0.13440864374468953	0.12435242252209446	0.0	0.9724205566612727	0.13440040473423878	0.12442932402749578	0.06651363375387548	0.9999892483354612	0.266637885263024	0.703134360176821	0.6909285378512373	0.9337189852397746	0.00029515938606847696	0.00029515938606847696	7.378984651711924e-05	0.8293978748524203	0.00029515938606847696	0.0003689492325855962	0.00044273907910271547	0.9999262101534829	0.03844451003541913	0.28689492325855964	0.3290289256198347	0.5487417902737806	6612	2.049606775559589	2.694466768881365e-06	0	0	0	0	0	0	0	0	0	0	0	0	0	0	0	0	1	1	0	0	0	0	1	0
1098	4028	0.13440864374468953	0.12435242252209446	0.0	0.9724205566612727	0.13440040473423878	0.12442932402749578	0.06651363375387548	0.9999892483354612	0.266637885263024	0.703134360176821	0.6909285378512373	0.9337189852397746	0.00029515938606847696	0.00029515938606847696	7.378984651711924e-05	0.8293978748524203	0.00029515938606847696	0.0003689492325855962	0.00044273907910271547	0.9999262101534829	0.03844451003541913	0.28689492325855964	0.3290289256198347	0.5487417902737806	5997	2.2597965649491414	2.2572612073122993e-06	0	0	0	0	0	0	0	0	0	0	0	0	0	0	0	0	1	1	0	0	0	1	0	0
1099	4029	0.0003445079970069855	0.12656258004937704	0.0	0.9513490602933141	0.0003445079970069855	0.12656258004937704	0.0003445079970069855	1.0000000000000002	0.2817044979883159	0.5622359003418662	0.7938989210091882	0.9999734904210207	0.00033277870216306157	0.0006655574043261231	0.00016638935108153079	0.73261231281198	0.00033277870216306157	0.0006655574043261231	0.00033277870216306157	1.0	0.08635607321131447	0.47753743760399336	0.16672212978369386	0.9998336106489185	2969	2.0242505894240486	2.308615195408927e-05	0	0	0	0	0	0	0	0	0	0	0	0	0	0	0	0	1	1	0	0	0	1	0	0
1100	4030	0.13440864374468953	0.12435242252209446	0.0	0.9724205566612727	0.13440040473423878	0.12442932402749578	0.06651363375387548	0.9999892483354612	0.266637885263024	0.703134360176821	0.6909285378512373	0.9337189852397746	0.00029515938606847696	0.00029515938606847696	7.378984651711924e-05	0.8293978748524203	0.00029515938606847696	0.0003689492325855962	0.00044273907910271547	0.9999262101534829	0.03844451003541913	0.28689492325855964	0.3290289256198347	0.5487417902737806	6612	2.049606775559589	2.694466768881365e-06	0	0	0	0	0	0	0	0	0	0	0	0	0	0	0	0	1	1	0	0	0	0	1	0
1101	4031	0.20843312473476686	0.0	0.0	1.0	0.20843312473476686	0.0	0.2046585550243342	1.0	0.5050015301587245	0.9844214875661369	0.20843312473476686	1.0	0.07407407407407407	0.037037037037037035	0.037037037037037035	1.0	0.07407407407407407	0.037037037037037035	0.14814814814814814	1.0	0.25925925925925924	0.9629629629629629	0.07407407407407407	1.0	3	9.0	0.024691358024691357	0	0	0	0	0	0	0	0	0	0	0	0	0	0	0	0	1	1	0	0	0	0	1	0
1102	4032	0.03441566998979106	0.03441566998979106	0.03907942930560797	0.9882895163487554	0.8505898002931425	0.08682694827348257	0.054094410058565176	1.0	0.5233950094061363	0.4811272358505413	0.5608314867293819	0.7596016173743511	0.00023126734505087883	0.00023126734505087883	0.0003469010175763182	0.9422987974098057	0.42700138824618233	0.02093937991670523	0.001156336725254394	1.0	0.01364477335800185	0.1623578076525336	0.21509824198552224	0.2122153209109731	0	0.0	0.0	0	0	0	0	0	0	0	0	0	0	0	0	0	0	0	0	0	0	0	0	0	0	0	0
1103	4033	0.03441566998979106	0.03441566998979106	0.03907942930560797	0.9882895163487554	0.8505898002931425	0.08682694827348257	0.054094410058565176	1.0	0.5233950094061363	0.4811272358505413	0.5608314867293819	0.7596016173743511	0.00023126734505087883	0.00023126734505087883	0.0003469010175763182	0.9422987974098057	0.42700138824618233	0.02093937991670523	0.001156336725254394	1.0	0.01364477335800185	0.1623578076525336	0.21509824198552224	0.2122153209109731	181	47.75690607734806	0.004504289000343205	0	0	0	0	0	0	0	0	0	0	0	0	0	0	0	0	0	1	0	0	0	0	0	0
1104	4034	0.03441566998979106	0.03441566998979106	0.03907942930560797	0.9882895163487554	0.8505898002931425	0.08682694827348257	0.054094410058565176	1.0	0.5233950094061363	0.4811272358505413	0.5608314867293819	0.7596016173743511	0.00023126734505087883	0.00023126734505087883	0.0003469010175763182	0.9422987974098057	0.42700138824618233	0.02093937991670523	0.001156336725254394	1.0	0.01364477335800185	0.1623578076525336	0.21509824198552224	0.2122153209109731	3871	2.23359173126615	1.499104462457747e-08	0	0	0	0	0	0	0	0	0	0	0	0	0	0	0	0	1	1	0	0	0	0	0	0
1105	4035	0.03441566998979106	0.03441566998979106	0.03907942930560797	0.9882895163487554	0.8505898002931425	0.08682694827348257	0.054094410058565176	1.0	0.5233950094061363	0.4811272358505413	0.5608314867293819	0.7596016173743511	0.00023126734505087883	0.00023126734505087883	0.0003469010175763182	0.9422987974098057	0.42700138824618233	0.02093937991670523	0.001156336725254394	1.0	0.01364477335800185	0.1623578076525336	0.21509824198552224	0.2122153209109731	289	30.01388888888889	0.002480116545577138	0	0	0	0	0	0	0	0	0	0	0	0	0	0	1	0	0	1	0	0	0	0	0	0
1106	4036	0.03441566998979106	0.03441566998979106	0.03907942930560797	0.9882895163487554	0.8505898002931425	0.08682694827348257	0.054094410058565176	1.0	0.5233950094061363	0.4811272358505413	0.5608314867293819	0.7596016173743511	0.00023126734505087883	0.00023126734505087883	0.0003469010175763182	0.9422987974098057	0.42700138824618233	0.02093937991670523	0.001156336725254394	1.0	0.01364477335800185	0.1623578076525336	0.21509824198552224	0.2122153209109731	4120	2.098567613498422	5.335154053001392e-09	0	0	0	0	0	0	0	0	0	0	0	0	0	0	1	0	1	1	0	0	0	0	0	0
1107	4037	0.0	0.0	0.0	0.0	0.0	0.0	0.0	0.0	0.0	0.0	0.0	0.0	0.0	0.0	0.0	0.0	0.0	0.0	0.0	0.0	0.0	0.0	0.0	0.0	0			0	0	0	0	0	0	0	0	0	0	0	0	0	0	1	0	1	1	0	0	0	0	0	0
1108	4038	0.03441566998979106	0.03441566998979106	0.03907942930560797	0.9882895163487554	0.8505898002931425	0.08682694827348257	0.054094410058565176	1.0	0.5233950094061363	0.4811272358505413	0.5608314867293819	0.7596016173743511	0.00023126734505087883	0.00023126734505087883	0.0003469010175763182	0.9422987974098057	0.42700138824618233	0.02093937991670523	0.001156336725254394	1.0	0.01364477335800185	0.1623578076525336	0.21509824198552224	0.2122153209109731	7838	6.159235668789809	0.0010685928516663648	0	0	0	0	0	0	0	0	0	0	0	0	0	0	1	0	0	1	0	0	0	1	0	0
